7.151470991361 -66.272866715879 -114.422249622982 -74.494309245132 57.506459059924 184.399475716264
7.198010100879 -66.517088651456 -114.170683113474 -73.710186181336 57.726678581445 183.405797024514
7.244549210397 -66.761310587032 -113.919116603967 -72.926063117540 57.946898102966 182.412118332764
7.337627429434 -67.249754458186 -113.415983584953 -71.357816989948 58.387337146008 180.424760949263
7.337627429434 -67.249754458186 -113.415983584953 -71.357816989948 58.387337146008 180.424760949263
7.430705648470 -67.738198329340 -112.912850565939 -69.789570862356 58.827776189050 178.437403565763
7.570322977024 -68.470864136070 -112.158151037417 -67.437201670969 59.488434753613 175.456367490513
7.570322977024 -68.470864136070 -112.158151037417 -67.437201670969 59.488434753613 175.456367490513
7.570322977024 -68.470864136070 -112.158151037417 -67.437201670969 59.488434753613 175.456367490513
7.570322977024 -68.470864136070 -112.158151037417 -67.437201670969 59.488434753613 175.456367490513
7.709940305578 -69.203529942801 -111.403451508896 -65.084832479581 60.149093318176 172.475331415262
7.709940305578 -69.203529942801 -111.403451508896 -65.084832479581 60.149093318176 172.475331415262
7.709940305578 -69.203529942801 -111.403451508896 -65.084832479581 60.149093318176 172.475331415262
7.709940305578 -69.203529942801 -111.403451508896 -65.084832479581 60.149093318176 172.475331415262
7.709940305578 -69.203529942801 -111.403451508896 -65.084832479581 60.149093318176 172.475331415262
7.849557634133 -69.936195749531 -110.648751980374 -62.732463288193 60.809751882739 169.494295340012
7.849557634133 -69.936195749531 -110.648751980374 -62.732463288193 60.809751882739 169.494295340012
7.849557634133 -69.936195749531 -110.648751980374 -62.732463288193 60.809751882739 169.494295340012
8.035714072205 -70.913083491839 -109.642485942346 -59.595971033009 61.690629968823 165.519580573011
8.035714072205 -70.913083491839 -109.642485942346 -59.595971033009 61.690629968823 165.519580573011
8.268409619795 -72.134193169723 -108.384653394810 -55.675355714030 62.791727576428 160.551187114260
8.268409619795 -72.134193169723 -108.384653394810 -55.675355714030 62.791727576428 160.551187114260
8.268409619795 -72.134193169723 -108.384653394810 -55.675355714030 62.791727576428 160.551187114260
8.268409619795 -72.134193169723 -108.384653394810 -55.675355714030 62.791727576428 160.551187114260
8.501105167386 -73.355302847607 -107.126820847274 -51.754740395050 63.892825184033 155.582793655510
8.733800714976 -74.576412525491 -105.868988299738 -47.834125076071 64.993922791638 150.614400196759
8.733800714976 -74.576412525491 -105.868988299738 -47.834125076071 64.993922791638 150.614400196759
8.966496262567 -75.797522203376 -104.611155752202 -43.913509757091 66.095020399243 145.646006738008
9.245730919675 -77.262853816837 -103.101756695159 -39.208771374315 67.416337528369 139.683934587507
9.245730919675 -77.262853816837 -103.101756695159 -39.208771374315 67.416337528369 139.683934587507
9.245730919675 -77.262853816837 -103.101756695159 -39.208771374315 67.416337528369 139.683934587507
9.571504686302 -78.972407365875 -101.340791128609 -33.719909927744 68.957874179017 132.728183745256
9.571504686302 -78.972407365875 -101.340791128609 -33.719909927744 68.957874179017 132.728183745256
9.897278452928 -80.681960914913 -99.579825562059 -28.231048481172 70.499410829664 125.772432903005
10.129974000519 -81.903070592797 -98.321993014523 -24.310433162193 71.600508437269 120.804039444254
10.362669548109 -83.124180270681 -97.064160466988 -20.389817843213 72.701606044874 115.835645985504
10.595365095700 -84.345289948565 -95.806327919452 -16.469202524234 73.802703652479 110.867252526753
10.595365095700 -84.345289948565 -95.806327919452 -16.469202524234 73.802703652479 110.867252526753
10.781521533772 -85.322177690873 -94.800061881423 -13.332710269050 74.683581738563 106.892537759752
10.967677971845 -86.299065433180 -93.793795843395 -10.196218013866 75.564459824647 102.917822992752
11.107295300399 -87.031731239911 -93.039096314873 -7.843848822478 76.225118389210 99.936786917501
11.107295300399 -87.031731239911 -93.039096314873 -7.843848822478 76.225118389210 99.936786917501
11.246912628953 -87.764397046641 -92.284396786352 -5.491479631091 76.885776953773 96.955750842251
11.386529957507 -88.497062853372 -91.529697257830 -3.139110439703 77.546435518336 93.974714767000
11.526147286062 -89.229728660102 -90.774997729309 -0.786741248315 78.207094082899 90.993678691750
11.572686395580 -89.473950595679 -90.523431219802 -0.002618184519 78.427313604420 90.000000000000
11.572686395580 -89.473950595679 -90.523431219802 -0.002618184519 78.427313604420 90.000000000000
11.572686395580 -89.473950595679 -90.523431219802 -0.002618184519 78.427313604420 90.000000000000
11.572686395580 -89.473950595679 -90.523431219802 -0.002618184519 78.427313604420 90.000000000000
11.572686395580 -89.473950595679 -90.523431219802 -0.002618184519 78.427313604420 90.000000000000
11.572686395580 -89.473950595679 -90.523431219802 -0.002618184519 78.427313604420 90.000000000000
11.572686395580 -89.473950595679 -90.523431219802 -0.002618184519 78.427313604420 90.000000000000
11.526147286062 -89.229728660102 -90.774997729309 -0.786741248315 78.207094082899 90.993678691751
11.479608176543 -88.985506724525 -91.026564238816 -1.570864312111 77.986874561378 91.987357383501
11.386529957507 -88.497062853372 -91.529697257830 -3.139110439703 77.546435518336 93.974714767001
11.293451738471 -88.008618982218 -92.032830276845 -4.707356567295 77.105996475294 95.962072150501
11.200373519435 -87.520175111064 -92.535963295859 -6.275602694886 76.665557432252 97.949429534001
11.200373519435 -87.520175111064 -92.535963295859 -6.275602694886 76.665557432252 97.949429534001
11.060756190881 -86.787509304334 -93.290662824380 -8.627971886274 76.004898867689 100.930465609252
10.874599752808 -85.810621562026 -94.296928862409 -11.764464141458 75.124020781605 104.905180376252
10.688443314736 -84.833733819719 -95.303194900438 -14.900956396642 74.243142695521 108.879895143253
10.502286876664 -83.856846077412 -96.309460938466 -18.037448651825 73.362264609437 112.854609910253
10.502286876664 -83.856846077412 -96.309460938466 -18.037448651825 73.362264609437 112.854609910253
10.269591329073 -82.635736399527 -97.567293486002 -21.958063970805 72.261167001832 117.823003369004
10.269591329073 -82.635736399527 -97.567293486002 -21.958063970805 72.261167001832 117.823003369004
10.036895781483 -81.414626721643 -98.825126033538 -25.878679289785 71.160069394227 122.791396827755
9.804200233892 -80.193517043759 -100.082958581074 -29.799294608764 70.058971786622 127.759790286505
9.524965576784 -78.728185430298 -101.592357638117 -34.504032991540 68.737654657496 133.721862437006
9.524965576784 -78.728185430298 -101.592357638117 -34.504032991540 68.737654657496 133.721862437006
9.152652700639 -76.774409945683 -103.604889714174 -40.777017501907 66.975898485328 141.671291971008
8.873418043531 -75.309078332222 -105.114288771217 -45.481755884683 65.654581356202 147.633364121508
8.640722495940 -74.087968654338 -106.372121318752 -49.402371203662 64.553483748596 152.601757580259
8.361487838832 -72.622637040877 -107.881520375795 -54.107109586438 63.232166619470 158.563829730760
8.128792291241 -71.401527362992 -109.139352923331 -58.027724905417 62.131069011865 163.532223189511
7.942635853169 -70.424639620685 -110.145618961360 -61.164217160601 61.250190925781 167.506937956511
7.942635853169 -70.424639620685 -110.145618961360 -61.164217160601 61.250190925781 167.506937956511
7.709940305578 -69.203529942801 -111.403451508896 -65.084832479581 60.149093318176 172.475331415262
7.570322977024 -68.470864136070 -112.158151037417 -67.437201670969 59.488434753613 175.456367490513
7.384166538952 -67.493976393763 -113.164417075446 -70.573693926152 58.607556667529 179.431082257513
7.244549210397 -66.761310587032 -113.919116603967 -72.926063117540 57.946898102966 182.412118332764
7.151470991361 -66.272866715879 -114.422249622982 -74.494309245132 57.506459059924 184.399475716264
7.058392772325 -65.784422844725 -114.925382641996 -76.062555372724 57.066020016882 186.386833099764
7.011853662807 -65.540200909148 -115.176949151503 -76.846678436520 56.845800495361 187.380511791514
6.918775443771 -65.051757037994 -115.680082170517 -78.414924564112 56.405361452319 189.367869175015
6.918775443771 -65.051757037994 -115.680082170517 -78.414924564112 56.405361452319 189.367869175015
6.918775443771 -65.051757037994 -115.680082170517 -78.414924564112 56.405361452319 189.367869175015
6.918775443771 -65.051757037994 -115.680082170517 -78.414924564112 56.405361452319 189.367869175015
6.918775443771 -65.051757037994 -115.680082170517 -78.414924564112 56.405361452319 189.367869175015
6.918775443771 -65.051757037994 -115.680082170517 -78.414924564112 56.405361452319 189.367869175015
6.918775443771 -65.051757037994 -115.680082170517 -78.414924564112 56.405361452319 189.367869175015
6.918775443771 -65.051757037994 -115.680082170517 -78.414924564112 56.405361452319 189.367869175015
6.918775443771 -65.051757037994 -115.680082170517 -78.414924564112 56.405361452319 189.367869175015
6.918775443771 -65.051757037994 -115.680082170517 -78.414924564112 56.405361452319 189.367869175015
6.918775443771 -65.051757037994 -115.680082170517 -78.414924564112 56.405361452319 189.367869175015
6.918775443771 -65.051757037994 -115.680082170517 -78.414924564112 56.405361452319 189.367869175015
6.965314553289 -65.295978973571 -115.428515661010 -77.630801500316 56.625580973840 188.374190483264
7.011853662807 -65.540200909148 -115.176949151503 -76.846678436520 56.845800495361 187.380511791514
7.104931881843 -66.028644780302 -114.673816132489 -75.278432308928 57.286239538403 185.393154408014
7.198010100879 -66.517088651456 -114.170683113474 -73.710186181336 57.726678581445 183.405797024514
7.291088319916 -67.005532522609 -113.667550094460 -72.141940053744 58.167117624487 181.418439641013
7.430705648470 -67.738198329340 -112.912850565939 -69.789570862356 58.827776189050 178.437403565763
6.017928561811 -69.297036588840 -110.939079837969 -71.094830374930 60.178312419006 177.407079871517
5.311540018482 -70.076455718590 -109.952194473985 -71.747460131216 60.853580533984 176.891918024394
4.605151475152 -70.855874848340 -108.965309110000 -72.400089887503 61.528848648962 176.376756177270
4.605151475152 -70.855874848340 -108.965309110000 -72.400089887503 61.528848648962 176.376756177270
2.485985845164 -73.194132237590 -106.004653018046 -74.357979156363 63.554652993897 174.831270635901
2.485985845164 -73.194132237590 -106.004653018046 -74.357979156363 63.554652993897 174.831270635901
1.073208758506 -74.752970497090 -104.030882290076 -75.663238668936 64.905189223853 173.800946941655
-1.045956871482 -77.091227886340 -101.070226198122 -77.621127937796 66.930993568788 172.255461400285
-1.045956871482 -77.091227886340 -101.070226198122 -77.621127937796 66.930993568788 172.255461400285
-3.871511044800 -80.208904405340 -97.122684742184 -80.231646962942 69.632066028700 170.194814011793
-5.990676674788 -82.547161794590 -94.162028650230 -82.189536231802 71.657870373635 168.649328470423
-9.522619391435 -86.444257443340 -89.227601830306 -85.452685013235 75.034210948525 166.073519234807
-12.348173564752 -89.561933962340 -85.280060374367 -88.063204038381 77.735283408438 164.012871846315
-15.880116281399 -93.459029611091 -80.345633554444 -91.326352819814 81.111623983329 161.437062610699
-15.880116281399 -93.459029611091 -80.345633554444 -91.326352819814 81.111623983329 161.437062610699
-18.705670454716 -96.576706130091 -76.398092098505 -93.936871844960 83.812696443241 159.376415222206
-21.531224628034 -99.694382649091 -72.450550642567 -96.547390870107 86.513768903154 157.315767833714
-24.356778801351 -102.812059168091 -68.503009186628 -99.157909895253 89.214841363067 155.255120445221
-24.356778801351 -102.812059168091 -68.503009186628 -99.157909895253 89.214841363067 155.255120445221
-27.888721517998 -106.709154816841 -63.568582366704 -102.421058676686 92.591181937957 152.679311209605
-27.888721517998 -106.709154816841 -63.568582366704 -102.421058676686 92.591181937957 152.679311209605
-29.301498604656 -108.267993076341 -61.594811638735 -103.726318189259 93.941718167914 151.648987515359
-30.714275691315 -109.826831335841 -59.621040910766 -105.031577701832 95.292254397870 150.618663821113
-31.420664234644 -110.606250465591 -58.634155546781 -105.684207458119 95.967522512848 150.103501973990
-31.420664234644 -110.606250465591 -58.634155546781 -105.684207458119 95.967522512848 150.103501973990
-31.420664234644 -110.606250465591 -58.634155546781 -105.684207458119 95.967522512848 150.103501973990
-31.420664234644 -110.606250465591 -58.634155546781 -105.684207458119 95.967522512848 150.103501973990
-31.420664234644 -110.606250465591 -58.634155546781 -105.684207458119 95.967522512848 150.103501973990
-31.420664234644 -110.606250465591 -58.634155546781 -105.684207458119 95.967522512848 150.103501973990
-31.420664234644 -110.606250465591 -58.634155546781 -105.684207458119 95.967522512848 150.103501973990
-31.420664234644 -110.606250465591 -58.634155546781 -105.684207458119 95.967522512848 150.103501973990
-31.420664234644 -110.606250465591 -58.634155546781 -105.684207458119 95.967522512848 150.103501973990
-31.294651008295 -110.621763419788 -58.588480173686 -105.647558868909 95.891293052819 150.237565785025
-31.294651008295 -110.621763419788 -58.588480173686 -105.647558868909 95.891293052819 150.237565785025
-31.294651008295 -110.621763419788 -58.588480173686 -105.647558868909 95.891293052819 150.237565785025
-31.294651008295 -110.621763419788 -58.588480173686 -105.647558868909 95.891293052819 150.237565785025
-31.168688099268 -110.637751031011 -58.542291753137 -105.611333666839 95.814788533751 150.371481397848
-31.168688099268 -110.637751031011 -58.542291753137 -105.611333666839 95.814788533751 150.371481397848
-30.916918485758 -110.671151885416 -58.448371391334 -105.540158346583 95.660960128615 150.638863704962
-30.665365889137 -110.706456353244 -58.352385607107 -105.470691293659 95.506048970155 150.905640362505
-30.288466813723 -110.762989618584 -58.204514499922 -105.369714959835 95.271677802961 151.304651543929
-29.912114864686 -110.823824793881 -58.051944743293 -105.272636589019 95.034936896649 151.702253876140
-29.912114864686 -110.823824793881 -58.051944743293 -105.272636589019 95.034936896649 151.702253876140
-29.536345187683 -110.888973232816 -57.894644325401 -105.179488350019 94.795866603818 152.098420899767
-29.036285181764 -110.982567143738 -57.677494550268 -105.061459263372 94.473553084795 152.624366921397
-29.036285181764 -110.982567143738 -57.677494550268 -105.061459263372 94.473553084795 152.624366921397
-28.537405038614 -111.083876929498 -57.451795211332 -104.950548458565 94.147268050066 153.147658126024
-27.791476058325 -111.250370250591 -57.097030742589 -104.797690840776 93.650608650652 153.927497802045
-27.172234556776 -111.402494560490 -56.786338551713 -104.682849943330 93.230309240015 154.572582152692
-26.432217551258 -111.601187009784 -56.395166920275 -104.560302541491 92.718541179554 155.340807029677
-26.432217551258 -111.601187009784 -56.395166920275 -104.560302541491 92.718541179554 155.340807029677
-25.695803438235 -111.817590394819 -55.983667251617 -104.454636560602 92.199010013635 156.102484273033
-24.841554716441 -112.092595667438 -55.477407930628 -104.353025909257 91.583530631795 156.982658030294
-24.113833554461 -112.347767821389 -55.020587505051 -104.284789013281 91.048341688799 157.729717823433
-24.113833554461 -112.347767821389 -55.020587505051 -104.284789013281 91.048341688799 157.729717823433
-23.030593362187 -112.764497469921 -54.294773258880 -104.215662084312 90.233117232899 158.837315750174
-22.314343623432 -113.065176926247 -53.783161484060 -104.192118832193 89.681829323341 159.566931607805
-21.603092262021 -113.384332054580 -53.248766675425 -104.186934419353 89.124685061154 160.289441409570
-21.014362072304 -113.664536998756 -52.785632467392 -104.196850615894 88.656161464022 160.886065361125
-21.014362072304 -113.664536998756 -52.785632467392 -104.196850615894 88.656161464022 160.886065361125
-20.312847659855 -114.018044352959 -52.207983010133 -104.226103296647 88.089129789972 161.595416202467
-19.732528441477 -114.327165743745 -51.707924949918 -104.265165794849 87.612817701423 162.181022272464
-19.732528441477 -114.327165743745 -51.707924949918 -104.265165794849 87.612817701423 162.181022272464
-19.271155729419 -114.584073697245 -51.295356634790 -104.306173963640 87.229421464498 162.645885222884
-18.812407689063 -114.849607937734 -50.871415678019 -104.355975569641 86.844039083841 163.107524610972
-18.470102644669 -115.054469525132 -50.545853747022 -104.399167535741 86.553753507964 163.451637728763
-18.129328142787 -115.264267777300 -50.213654594550 -104.447423263471 86.262439567864 163.793936892034
-18.129328142787 -115.264267777300 -50.213654594550 -104.447423263471 86.262439567864 163.793936892034
-17.790106439710 -115.479042592361 -49.874706774807 -104.500796962016 85.970134627271 164.134422921795
-17.564832035616 -115.625011364181 -49.644934777663 -104.539250668303 85.774732363529 164.360407007936
-17.564832035616 -115.625011364181 -49.644934777663 -104.539250668303 85.774732363529 164.360407007936
-17.452459219723 -115.698836314361 -49.528893318827 -104.559345402278 85.676875610024 164.473097280058
-17.340263696526 -115.773223894434 -49.412075412543 -104.580021698392 85.578916904194 164.585586482403
-17.340263696526 -115.773223894434 -49.412075412543 -104.580021698392 85.578916904194 164.585586482403
-17.228246233525 -115.848175838002 -49.294476356925 -104.601281833701 85.480857585458 164.697874707586
-17.228246233525 -115.848175838002 -49.294476356925 -104.601281833701 85.480857585458 164.697874707586
-17.228246233525 -115.848175838002 -49.294476356925 -104.601281833701 85.480857585458 164.697874707586
-17.228246233525 -115.848175838002 -49.294476356925 -104.601281833701 85.480857585458 164.697874707586
-17.208500817203 -115.955995785859 -49.141118660933 -104.612810835241 85.490480451970 164.651203528372
-17.208500817203 -115.955995785859 -49.141118660933 -104.612810835241 85.490480451970 164.651203528372
-17.208500817203 -115.955995785859 -49.141118660933 -104.612810835241 85.490480451970 164.651203528372
-17.188822545338 -116.064084749854 -48.987168962173 -104.624662617209 85.500120856284 164.604471298001
-17.149666661724 -116.281080112803 -48.677471599195 -104.649346353558 85.519454716881 164.510824484025
-17.110777042062 -116.499183150788 -48.365339422782 -104.675357184465 85.538860039560 164.416935861304
-17.072152155108 -116.718415832878 -48.050726048669 -104.702720044620 85.558337688954 164.322807017779
-17.033790478939 -116.938800908825 -47.733583479369 -104.731460700316 85.577888522056 164.228439533727
-16.976738178464 -117.271591050412 -47.253018205310 -104.777213572518 85.607353847137 164.086444294751
-16.901575640994 -117.719571907977 -46.602933413141 -104.843296130132 85.646904954576 163.896296682067
-16.809063779641 -118.286694047617 -45.774702859734 -104.934396958029 85.696777417305 163.657310717032
-16.809063779641 -118.286694047617 -45.774702859734 -104.934396958029 85.696777417305 163.657310717032
-16.736193054558 -118.746387633904 -45.099032388799 -105.014388084029 85.737030149105 163.465095734304
-16.646509135555 -119.328909316307 -44.237226424603 -105.123722263436 85.787799932345 163.223564147618
-16.558364984763 -119.920714883488 -43.355239216998 -105.243996889149 85.839085336682 162.980651248838
-16.454593631298 -120.643975066635 -42.268458363313 -105.403697176274 85.901325129349 162.687365024351
-16.352970685001 -121.382614872345 -41.148406745393 -105.581375704179 85.964344468370 162.392162528914
-16.253459531251 -122.137957175652 -39.992318562579 -105.778488978259 86.028162769448 162.095082678661
-16.139984320264 -123.042351642417 -38.593716768488 -106.035270214850 86.103652384465 161.746167889179
-16.139984320264 -123.042351642417 -38.593716768488 -106.035270214850 86.103652384465 161.746167889179
-15.890923946538 -125.219200911191 -35.162006680774 -106.748140981154 86.280533880348 160.939568810119
-15.801124298863 -126.082236793343 -33.775459042203 -107.068696341390 86.348469964707 160.633945867055
-15.698770887859 -127.128070448506 -32.075042942308 -107.486723191922 86.428869140687 160.275288540587
-15.698770887859 -127.128070448506 -32.075042942308 -107.486723191922 86.428869140687 160.275288540587
-15.613070564147 -128.063019631741 -30.535906604584 -107.888357958410 86.498778218798 159.966110582616
-15.529211656568 -129.039592945547 -28.908772412274 -108.336573752662 86.569622288742 159.655346989256
-15.460713368163 -129.890589166066 -27.474379650585 -108.751517191657 86.629383872456 159.395190711566
-15.406807919174 -130.599735612491 -26.267163873447 -109.114939309747 86.677673554393 159.186303039495
-15.340527872032 -131.527730622320 -24.670757380654 -109.615192183641 86.738642937452 158.924256322543
-15.288374458569 -132.309343211699 -23.311292307493 -110.058642786480 86.787909163641 158.713881138827
-15.288374458569 -132.309343211699 -23.311292307493 -110.058642786480 86.787909163641 158.713881138827
-15.236985462799 -133.132882310514 -21.863913403038 -110.548195976830 86.837615830285 158.502860583975
-15.186352249958 -134.007359778240 -20.309846427970 -111.093617953282 86.887766758985 158.291204212856
-15.161316391005 -134.467493939788 -19.484901666697 -111.391390634715 86.913009991139 158.185140556401
-15.161316391005 -134.467493939788 -19.484901666697 -111.391390634715 86.913009991139 158.185140556401
-15.161316391005 -134.467493939788 -19.484901666697 -111.391390634715 86.913009991139 158.185140556401
-15.136466284739 -134.945580521432 -18.622414187312 -111.708784812559 86.938365681040 158.078921486457
-15.136466284739 -134.945580521432 -18.622414187312 -111.708784812559 86.938365681040 158.078921486457
-15.136466284739 -134.945580521432 -18.622414187312 -111.708784812559 86.938365681040 158.078921486457
-15.111800879556 -135.444249914073 -17.716903656675 -112.048650903446 86.963834281140 157.972548171104
-15.099537112899 -135.702313244480 -17.245910232459 -112.228105499067 86.976611062394 157.919304034845
-15.099537112899 -135.702313244480 -17.245910232459 -112.228105499067 86.976611062394 157.919304034845
-15.087319129898 -135.966847177554 -16.761400572677 -112.414613823381 86.989416238363 157.866021772649
-15.087319129898 -135.966847177554 -16.761400572677 -112.414613823381 86.989416238363 157.866021772649
-15.087319129898 -135.966847177554 -16.761400572677 -112.414613823381 86.989416238363 157.866021772649
-15.087319129898 -135.966847177554 -16.761400572677 -112.414613823381 86.989416238363 157.866021772649
-15.087319129898 -135.966847177554 -16.761400572677 -112.414613823381 86.989416238363 157.866021772649
-15.087319129898 -135.966847177554 -16.761400572677 -112.414613823381 86.989416238363 157.866021772649
-15.087319129898 -135.966847177554 -16.761400572677 -112.414613823381 86.989416238363 157.866021772649
-14.755509310485 -135.577842691775 -17.486825042759 -111.988445096172 86.578537226764 158.150095241198
-14.755509310485 -135.577842691775 -17.486825042759 -111.988445096172 86.578537226764 158.150095241198
-14.755509310485 -135.577842691775 -17.486825042759 -111.988445096172 86.578537226764 158.150095241198
-14.755509310485 -135.577842691775 -17.486825042759 -111.988445096172 86.578537226764 158.150095241198
-14.755509310485 -135.577842691775 -17.486825042759 -111.988445096172 86.578537226764 158.150095241198
-14.755509310485 -135.577842691775 -17.486825042759 -111.988445096172 86.578537226764 158.150095241198
-14.423117041258 -135.207824637100 -18.176763472593 -111.583047644179 86.166570520026 158.434189402792
-13.756714846668 -134.517737207291 -19.464877582580 -110.826932745789 85.339515515084 159.002488240769
-13.088375627919 -133.885420844824 -20.649174562738 -110.134100434983 84.508537690202 159.571016590606
-12.418368062183 -133.302989058903 -21.746247514070 -109.495938251963 83.673928759878 160.139875063052
-11.410828774354 -132.510560789626 -23.254297394146 -108.627724174210 82.415856792996 160.994007583252
-10.064196570462 -131.584889065830 -25.052116679259 -107.613569959613 80.728520263908 162.134987086670
-9.053038457970 -130.976586185951 -26.266786445466 -106.947111982161 79.456933193298 162.992805780673
-7.705114431434 -130.267569921952 -27.734864504119 -106.170237797226 77.755371895622 164.140077972856
-6.023976871535 -129.529908488539 -29.359448090784 -105.361825183429 75.622135771063 165.581164066666
-4.684953705684 -129.048917686555 -30.511489738775 -104.834663234281 73.913588494763 166.740853005338
-2.361749426124 -128.422447639181 -32.250052292334 -104.148742564573 70.927444244871 168.788311222563
-0.723674008268 -128.132444297024 -33.296596555138 -103.833019911777 68.803553429119 170.267645582394
0.570670698391 -127.990241751795 -34.025746236032 -103.680806799582 67.113422988281 171.463043988433
1.848420538719 -127.925221107046 -34.663532622772 -103.615855270272 65.433724243473 172.670445108116
3.107589508388 -127.935367701349 -35.213194712211 -103.637030697796 63.766614275578 173.891215993896
3.107589508388 -127.935367701349 -35.213194712211 -103.637030697796 63.766614275578 173.891215993896
4.038643050252 -127.991272631768 -35.569067684419 -103.709058975509 62.525780849017 174.816435141776
4.957447990834 -128.087877226940 -35.877445665276 -103.829126034073 61.294007393262 175.750628846096
5.863303972788 -128.224635472818 -36.138837397478 -103.997314373957 60.072079576066 176.694468594660
6.459687993090 -128.337876569881 -36.287155283075 -104.136279604999 59.263301530824 177.329399754467
7.049840650715 -128.468624624849 -36.414775319675 -104.296831142249 58.459444280770 177.969146187845
7.342525328014 -128.540528035598 -36.470827291762 -104.385241131388 58.059425109953 178.290894648150
7.342525328014 -128.540528035598 -36.470827291762 -104.385241131388 58.059425109953 178.290894648150
7.342525328014 -128.540528035598 -36.470827291762 -104.385241131388 58.059425109953 178.290894648150
7.342525328014 -128.540528035598 -36.470827291762 -104.385241131388 58.059425109953 178.290894648150
7.342525328014 -128.540528035598 -36.470827291762 -104.385241131388 58.059425109953 178.290894648150
7.342525328014 -128.540528035598 -36.470827291762 -104.385241131388 58.059425109953 178.290894648150
7.342525328014 -128.540528035598 -36.470827291762 -104.385241131388 58.059425109953 178.290894648150
7.342525328014 -128.540528035598 -36.470827291762 -104.385241131388 58.059425109953 178.290894648150
7.342525328014 -128.540528035598 -36.470827291762 -104.385241131388 58.059425109953 178.290894648150
7.342525328014 -128.540528035598 -36.470827291762 -104.385241131388 58.059425109953 178.290894648150
7.342525328014 -128.540528035598 -36.470827291762 -104.385241131388 58.059425109953 178.290894648150
7.342525328014 -128.540528035598 -36.470827291762 -104.385241131388 58.059425109953 178.290894648150
7.514926905523 -128.283204155306 -37.018167737247 -104.227128742490 57.848994686666 178.486682848762
7.514926905523 -128.283204155306 -37.018167737247 -104.227128742490 57.848994686666 178.486682848762
7.514926905523 -128.283204155306 -37.018167737247 -104.227128742490 57.848994686666 178.486682848762
7.514926905523 -128.283204155306 -37.018167737247 -104.227128742490 57.848994686666 178.486682848762
7.514926905523 -128.283204155306 -37.018167737247 -104.227128742490 57.848994686666 178.486682848762
7.860132487268 -127.783083222896 -38.085692680173 -103.929157024772 57.429552026868 178.881836085598
8.032928434700 -127.539942597028 -38.606597378752 -103.788940310464 57.220558277359 179.081219083909
8.378886396862 -127.066731286854 -39.624305982049 -103.525248114918 56.804072598262 179.483642683717
8.725305301787 -126.610038972817 -40.611785969875 -103.282943039944 56.389652236394 179.891002734118
9.245726242600 -125.953887233407 -42.040713597392 -102.957452421116 55.772061252144 180.511454598101
9.766999313340 -125.329957382828 -43.412033453680 -102.675046849181 55.159550246726 181.143413006441
10.463161825476 -124.544202556930 -45.159230736862 -102.361547700819 54.351230796166 182.004331610969
11.160372523865 -123.807092266753 -46.822277960469 -102.116044246044 53.553056405554 182.886677137828
12.032950017319 -122.948589631847 -48.794496923723 -101.899413503600 52.570602339852 184.020555562748
13.080907258309 -122.003224288440 -51.020666165332 -101.764750126563 51.415768022405 185.427916026646
13.954305384231 -121.280910236612 -52.769991886325 -101.752023354293 50.475059801881 186.640736319868
15.001715359596 -120.487515836028 -54.753623638004 -101.851230256086 49.374220455429 188.145412710781
15.873386161457 -119.884274377990 -56.317577708163 -102.026185132599 48.481806866334 189.441252170095
15.873386161457 -119.884274377990 -56.317577708163 -102.026185132599 48.481806866334 189.441252170095
16.569582876896 -119.437979954970 -57.514132287008 -102.224916645197 47.785204895013 190.505821369852
17.264481907574 -119.022926781759 -58.664561120795 -102.474757828085 47.104776939052 191.595456314243
17.957824137821 -118.638317298142 -59.770808293845 -102.774729543714 46.441234148005 192.710333609803
18.649354214996 -118.283471037649 -60.834597263547 -103.123877245773 45.795285065334 193.850555226662
19.166661326144 -118.036515725530 -61.605508606604 -103.417434110832 45.322792503269 194.722368644153
19.510836392983 -117.880891114490 -62.106959183711 -103.628003123643 45.013660644508 195.311493724690
19.854418778965 -117.732408916925 -62.598611649642 -103.850317004739 44.709320124366 195.906935280379
20.197378334363 -117.591016240204 -63.080624161552 -104.084246062292 44.409856517647 196.508672185300
20.368615222880 -117.522963031248 -63.318063059697 -104.205524614395 44.261980072404 196.811893014254
20.368615222880 -117.522963031248 -63.318063059697 -104.205524614395 44.261980072404 196.811893014254
20.368615222880 -117.522963031248 -63.318063059697 -104.205524614395 44.261980072404 196.811893014254
20.368615222880 -117.522963031248 -63.318063059697 -104.205524614395 44.261980072404 196.811893014254
20.368615222880 -117.522963031248 -63.318063059697 -104.205524614395 44.261980072404 196.811893014254
20.368615222880 -117.522963031248 -63.318063059697 -104.205524614395 44.261980072404 196.811893014254
20.368615222880 -117.522963031248 -63.318063059697 -104.205524614395 44.261980072404 196.811893014254
20.368615222880 -117.522963031248 -63.318063059697 -104.205524614395 44.261980072404 196.811893014254
20.368615222880 -117.522963031248 -63.318063059697 -104.205524614395 44.261980072404 196.811893014254
20.368615222880 -117.522963031248 -63.318063059697 -104.205524614395 44.261980072404 196.811893014254
20.368615222880 -117.522963031248 -63.318063059697 -104.205524614395 44.261980072404 196.811893014254
20.368615222880 -117.522963031248 -63.318063059697 -104.205524614395 44.261980072404 196.811893014254
20.398050252412 -117.375103640297 -63.533061206210 -104.167547722447 44.269628750237 196.852615648797
20.398050252412 -117.375103640297 -63.533061206210 -104.167547722447 44.269628750237 196.852615648797
20.398050252412 -117.375103640297 -63.533061206210 -104.167547722447 44.269628750237 196.852615648797
20.398050252412 -117.375103640297 -63.533061206210 -104.167547722447 44.269628750237 196.852615648797
20.398050252412 -117.375103640297 -63.533061206210 -104.167547722447 44.269628750237 196.852615648797
20.427569059850 -117.227525212692 -63.747257154185 -104.130163225033 44.277313722533 196.893442977978
20.427569059850 -117.227525212692 -63.747257154185 -104.130163225033 44.277313722533 196.893442977978
20.486859422168 -116.933195871139 -64.173271862340 -104.057158310309 44.292793384153 196.975413230546
20.546489156917 -116.639944869575 -64.596164706055 -103.986484349587 44.308420738773 197.057806809315
20.606461142884 -116.347743024360 -65.015991203605 -103.918116885913 44.324197490927 197.140626778664
20.697067219408 -115.911345814630 -65.640098310414 -103.819839363576 44.348146525855 197.265662985588
20.819100643778 -115.332898208234 -66.461994120020 -103.696664667217 44.380617791364 197.433899382717
20.942556542001 -114.758165427214 -67.272532370301 -103.582324418817 44.413718533164 197.603897896454
20.942556542001 -114.758165427214 -67.272532370301 -103.582324418817 44.413718533164 197.603897896454
21.225661713036 -113.477609500469 -69.056555342479 -103.356592898757 44.490574086679 197.992971989107
21.353913681153 -112.913662264811 -69.832565361899 -103.269977850907 44.525825049213 198.168878401204
21.549170922664 -112.073242219467 -70.977975749093 -103.155526627533 44.580010437484 198.436262880787
21.714583352465 -111.377609807903 -71.916011844353 -103.074111679315 44.626400913898 198.662374696873
21.984490424429 -110.272795611709 -73.386998623060 -102.969780427326 44.703052914789 199.030525581774
22.156550988941 -109.587012863566 -74.288387452691 -102.920540309435 44.752533108702 199.264692540847
22.331273754545 -108.904580269366 -75.176435951203 -102.883420531869 44.803267682481 199.502063504220
22.473009788042 -108.360896471012 -75.877522441411 -102.862372188659 44.844784483996 199.694308033175
22.616520898166 -107.819106075996 -76.570491364538 -102.848952288147 44.887149349056 199.888673894928
22.725338912308 -107.413943417856 -77.084993520121 -102.843864505621 44.919492206049 200.035859890100
22.835188114957 -107.009745504755 -77.595093614277 -102.843022351073 44.952333080399 200.184271246425
22.946082959949 -106.606471665556 -78.100857098632 -102.846409062735 44.985681303195 200.333922049123
23.020601026933 -106.338116309094 -78.435654631762 -102.851008635742 45.008200013731 200.434384876069
23.095594788708 -106.070142750381 -78.768570694764 -102.857476709384 45.030951326125 200.535409190648
23.095594788708 -106.070142750381 -78.768570694764 -102.857476709384 45.030951326125 200.535409190648
23.133271453881 -105.936295657012 -78.934328653103 -102.861410203813 45.042415119264 200.586133254054
23.171068728127 -105.802539856056 -79.099622757507 -102.865809380547 45.053938161772 200.636999312242
23.171068728127 -105.802539856056 -79.099622757507 -102.865809380547 45.053938161772 200.636999312242
23.171068728127 -105.802539856056 -79.099622757507 -102.865809380547 45.053938161772 200.636999312242
23.171068728127 -105.802539856056 -79.099622757507 -102.865809380547 45.053938161772 200.636999312242
23.171068728127 -105.802539856056 -79.099622757507 -102.865809380547 45.053938161772 200.636999312242
23.171068728127 -105.802539856056 -79.099622757507 -102.865809380547 45.053938161772 200.636999312242
23.171068728127 -105.802539856056 -79.099622757507 -102.865809380547 45.053938161772 200.636999312242
23.171068728127 -105.802539856056 -79.099622757507 -102.865809380547 45.053938161772 200.636999312242
23.171068728127 -105.802539856056 -79.099622757507 -102.865809380547 45.053938161772 200.636999312242
23.171068728127 -105.802539856056 -79.099622757507 -102.865809380547 45.053938161772 200.636999312242
23.171068728127 -105.802539856056 -79.099622757507 -102.865809380547 45.053938161772 200.636999312242
23.228557894582 -105.683064020773 -79.252958383494 -102.886568452657 45.071507825459 200.714326740424
23.286210484780 -105.563710471970 -79.405856377915 -102.907747663539 45.089179805873 200.791826421975
23.344027124889 -105.444478276631 -79.558318574492 -102.929346182864 45.106954676951 200.869498709775
23.402008443814 -105.325366514183 -79.710346784627 -102.951363188361 45.124833015827 200.947343956345
23.518467647473 -105.087500667038 -80.013108381516 -102.996649407804 45.160902421594 201.103554733966
23.694407425223 -104.731582828856 -80.464039915866 -103.067697266594 45.215797152670 201.339176881710
23.812542090700 -104.494881519609 -80.762540253671 -103.117132364815 45.252927644244 201.497133056748
23.812542090700 -104.494881519609 -80.762540253671 -103.117132364815 45.252927644244 201.497133056748
24.050854392002 -104.022834464414 -81.354510661174 -103.220942613306 45.328491925832 201.815157362300
24.231396976108 -103.669960242936 -81.794137107025 -103.303099264370 45.386324817044 202.055534505285
24.535799302569 -103.083987518223 -82.518681683838 -103.448157169210 45.484971836564 202.459731526614
24.844647984530 -102.500626277063 -83.233175903116 -103.603300967071 45.586511679599 202.868426286017
25.158029881961 -101.919793029939 -83.937792084394 -103.768444337030 45.691026224034 203.281661294319
25.476033741839 -101.341410295715 -84.632692921056 -103.943503040406 45.798599600219 203.699478587353
25.863867160943 -100.650485102617 -85.453965502936 -104.166545451055 45.931847170417 204.206966356258
26.325130808944 -99.848584753159 -86.395046475473 -104.444469497375 46.093232708047 204.807544798492
26.728223606467 -99.164707488118 -87.187321478242 -104.697708842190 46.236828162037 205.329699116453
27.277079310007 -98.257684867849 -88.223452639635 -105.056673605233 46.436148238789 206.036613766814
27.768311413944 -97.468420144520 -89.111438183260 -105.390508557326 46.618212768886 206.665314943459
28.197753539666 -96.795076382930 -89.858966423251 -105.691136278529 46.780181955172 207.211822261098
28.561676073414 -96.236147458235 -90.472449227425 -105.951759934751 46.919466248041 207.672665125818
28.931218832907 -95.679180404314 -91.077436665871 -106.221472797986 47.062785089267 208.138471674441
29.230974479373 -95.235003390327 -91.555371369766 -106.443727029704 47.180420209851 208.514712860701
29.230974479373 -95.235003390327 -91.555371369766 -106.443727029704 47.180420209851 208.514712860701
29.534456538298 -94.792056784285 -92.027972242173 -106.671693626351 47.300767697012 208.894168061288
29.841724054485 -94.350332195494 -92.495282455702 -106.905324049558 47.423887329319 209.276852967536
30.152836993319 -93.909822903694 -92.957343685447 -107.144568387444 47.549840046838 209.662782707272
30.388731850221 -93.580235361628 -93.300469237220 -107.327654913116 47.646201116370 209.954368202682
30.547228642485 -93.360887730757 -93.527600060968 -107.451439927829 47.711359703731 210.149780019050
30.706721352434 -93.141841619233 -93.753440848975 -107.576598974099 47.777261895749 210.346011014472
30.867217823330 -92.923096798685 -93.977996315444 -107.703125216538 47.843915751783 210.543062849263
30.947844936045 -92.813837328511 -94.089793506237 -107.766898869881 47.877527092697 210.641897088966
30.947844936045 -92.813837328511 -94.089793506237 -107.766898869881 47.877527092697 210.641897088966
30.947844936045 -92.813837328511 -94.089793506237 -107.766898869881 47.877527092697 210.641897088966
30.947844936045 -92.813837328511 -94.089793506237 -107.766898869881 47.877527092697 210.641897088966
30.947844936045 -92.813837328511 -94.089793506237 -107.766898869881 47.877527092697 210.641897088966
30.947844936045 -92.813837328511 -94.089793506237 -107.766898869881 47.877527092697 210.641897088966
30.947844936045 -92.813837328511 -94.089793506237 -107.766898869881 47.877527092697 210.641897088966
30.947844936045 -92.813837328511 -94.089793506237 -107.766898869881 47.877527092697 210.641897088966
30.947844936045 -92.813837328511 -94.089793506237 -107.766898869881 47.877527092697 210.641897088966
30.947844936045 -92.813837328511 -94.089793506237 -107.766898869881 47.877527092697 210.641897088966
30.942339153346 -92.704424824429 -94.096004585336 -107.715437447450 48.010642024114 210.544954327235
30.936479640344 -92.595213225081 -94.102314299867 -107.664024280146 48.143812307619 210.448259092903
30.930266134697 -92.486201245100 -94.108726089848 -107.612655394854 48.277038691843 210.351807912272
30.923698370739 -92.377387608168 -94.115243370131 -107.561326873885 48.410321932352 210.255597346370
30.909498988716 -92.160350303526 -94.128607936039 -107.458775527586 48.677062038600 210.063884473563
30.885536147450 -91.836250533723 -94.149529902458 -107.305156417598 49.077617897311 209.778035743432
30.867781784156 -91.621140452683 -94.164099689882 -107.202839701056 49.344961471202 209.588578793119
30.827992661634 -91.193172328232 -94.194847699711 -106.998310406481 49.880412836955 209.212211472401
30.782480288480 -90.768144228463 -94.227908151748 -106.793741440231 50.416927183324 208.839074882786
30.731224710079 -90.345983013766 -94.263477241934 -106.588929315744 50.954558613802 208.468977818623
30.659047222114 -89.822205538624 -94.311755756379 -106.332281326461 51.628253450620 208.010350845961
30.577821478464 -89.302664480386 -94.364610007088 -106.074605269742 52.303891706221 207.555840534930
30.487503705973 -88.787233131642 -94.422385250667 -105.815578053006 52.981587481697 207.105116754823
30.367056916977 -88.173971018354 -94.498677419292 -105.502544098085 53.797702927832 206.568802504657
30.209797045245 -87.465497864975 -94.597973809597 -105.133714643296 54.754070555993 205.948726310228
30.060559295672 -86.864026258773 -94.692497556414 -104.813991259586 55.577683949116 205.421488494059
29.869476118285 -86.168830257585 -94.814445519922 -104.436280024190 56.543383257635 204.810685640424
29.691041361608 -85.578362502304 -94.929504551225 -104.108127938485 57.375504552059 204.290324199669
29.531947435020 -85.090017789558 -95.033147815012 -103.831348947781 58.072195825537 203.858610195936
29.531947435020 -85.090017789558 -95.033147815012 -103.831348947781 58.072195825537 203.858610195936
29.363344441119 -84.604969871420 -95.144101662962 -103.551400593692 58.771985697929 203.428390960562
29.185179638645 -84.123153233001 -95.262593139619 -103.268159063847 59.475004088454 202.999439896972
29.073669174640 -83.835589582949 -95.337396189405 -103.096588419218 59.898419020290 202.742586716131
29.073669174640 -83.835589582949 -95.337396189405 -103.096588419218 59.898419020290 202.742586716131
28.919584890716 -83.453928156355 -95.441552444965 -102.865888841984 60.464901930573 202.400624131151
28.799954360264 -83.168986155920 -95.523039312162 -102.691387303927 60.891247892967 202.144475361085
28.676825184986 -82.885151434392 -95.607460321581 -102.515602843837 61.318896941120 201.888554916120
28.592789936430 -82.696539223379 -95.665390738470 -102.397693904998 61.604734116937 201.718046937537
28.507191615395 -82.508413069470 -95.724654303765 -102.279205512639 61.891171231302 201.547608891629
28.463805303588 -82.414531598662 -95.754789506065 -102.219743068898 62.034617355360 201.462412237987
28.420027029093 -82.320770866159 -95.785262147347 -102.160134667407 62.178216569323 201.377228461502
28.420027029093 -82.320770866159 -95.785262147347 -102.160134667407 62.178216569323 201.377228461502
28.420027029093 -82.320770866159 -95.785262147347 -102.160134667407 62.178216569323 201.377228461502
28.420027029093 -82.320770866159 -95.785262147347 -102.160134667407 62.178216569323 201.377228461502
28.420027029093 -82.320770866159 -95.785262147347 -102.160134667407 62.178216569323 201.377228461502
28.420027029093 -82.320770866159 -95.785262147347 -102.160134667407 62.178216569323 201.377228461502
28.420027029093 -82.320770866159 -95.785262147347 -102.160134667407 62.178216569323 201.377228461502
28.420027029093 -82.320770866159 -95.785262147347 -102.160134667407 62.178216569323 201.377228461502
28.322439737321 -82.440235850676 -95.668569895481 -102.074430899178 62.210318772935 201.257841835168
28.322439737321 -82.440235850676 -95.668569895481 -102.074430899178 62.210318772935 201.257841835168
28.322439737321 -82.440235850676 -95.668569895481 -102.074430899178 62.210318772935 201.257841835168
28.322439737321 -82.440235850676 -95.668569895481 -102.074430899178 62.210318772935 201.257841835168
28.322439737321 -82.440235850676 -95.668569895481 -102.074430899178 62.210318772935 201.257841835168
28.225194916424 -82.559783392609 -95.551529728313 -101.989351750066 62.242679285669 201.138914934509
28.031726275587 -82.799125081332 -95.316404558789 -101.821066096260 62.308166227684 200.902434733368
27.839608365946 -83.038793898113 -95.079884438209 -101.655275104700 62.374659550582 200.667776643223
27.648828578523 -83.278787969714 -94.841967126920 -101.491975902549 62.442141690316 200.434929356122
27.365140615774 -83.639385228508 -94.482466417063 -101.251692286664 62.545181192287 200.089028733898
27.084393814156 -84.000705396817 -94.119808950483 -101.016996499826 62.650349513342 199.747137975580
26.714569253062 -84.483582860703 -93.631340894625 -100.712738780047 62.793789144021 199.297453494519
26.349805528214 -84.967730076206 -93.137225740045 -100.418359100802 62.940785618188 198.854734404944
25.990009409662 -85.453141719233 -92.637441823469 -100.133821391597 63.091214427612 198.418886272221
25.459430367811 -86.183624671829 -91.877086148057 -99.725383285080 63.323030776801 197.777789021452
25.459430367811 -86.183624671829 -91.877086148057 -99.725383285080 63.323030776801 197.777789021452
24.939523584885 -86.916948566171 -91.103838885395 -99.338862350686 63.561909460486 197.151614716277
24.429998598471 -87.653127982578 -90.317606229465 -98.974110002612 63.807479264007 196.540039385398
23.930574168604 -88.392190523407 -89.518283923130 -98.630971199068 64.059387211388 195.942738796190
23.440978013278 -89.134176841569 -88.705755989558 -98.309286745204 64.317297790930 195.359389369245
22.881853163145 -90.003595330214 -87.740943428476 -97.960889115721 64.625355699661 194.696018146638
22.258277219217 -91.002319480181 -86.615779516199 -97.597881582947 64.986282692697 193.959943872879
21.575729317194 -92.132633947811 -85.320785349837 -97.233882988601 65.402825430980 193.159097887224
21.131485501491 -92.890311884553 -84.439987477791 -97.017084819934 65.686275625140 192.640725820390
20.623762083516 -93.778636500308 -83.394398244741 -96.790089351150 66.022404771486 192.051183813845
20.267885394975 -94.416147374624 -82.635488205423 -96.644940673729 66.265887918528 191.639870672142
19.848102444570 -95.184592073509 -81.711290123358 -96.489342109944 66.561595117464 191.156791142205
19.572558471061 -95.699045108816 -81.086840885409 -96.396820055800 66.760773610396 190.840964904981
19.232875629319 -96.344630894992 -80.296762468248 -96.293728898824 67.011937200953 190.453038212310
18.964857373625 -96.863184607820 -79.656966943930 -96.221274829622 67.214550688175 190.148080019027
18.700092375373 -97.383657439213 -79.010184734010 -96.157703425032 67.418600104113 189.847817739349
18.438526020004 -97.906113826319 -78.356304546077 -96.102997363978 67.624032348202 189.552170330116
18.308925584797 -98.168106999648 -78.026666060102 -96.078964493117 67.727250943370 189.406052193432
18.115984844071 -98.562077866513 -77.528792058722 -96.047061679318 67.882689342897 189.188979148180
17.988321498045 -98.825392579265 -77.194575160955 -96.028556086144 67.986713048742 189.045652290554
17.924776562666 -98.957253716122 -77.026770248702 -96.020131925287 68.038842085580 188.974401772474
17.924776562666 -98.957253716122 -77.026770248702 -96.020131925287 68.038842085580 188.974401772474
17.861421726042 -99.089252317739 -76.858498201914 -96.012260119756 68.091048261344 188.903424920780
17.798256198721 -99.221389613058 -76.689756861562 -96.004940641363 68.143330846403 188.832720535692
17.798256198721 -99.221389613058 -76.689756861562 -96.004940641363 68.143330846403 188.832720535692
17.798256198721 -99.221389613058 -76.689756861562 -96.004940641363 68.143330846403 188.832720535692
17.798256198721 -99.221389613058 -76.689756861562 -96.004940641363 68.143330846403 188.832720535692
17.798256198721 -99.221389613058 -76.689756861562 -96.004940641363 68.143330846403 188.832720535692
17.762968863376 -99.359543943691 -76.531622875029 -96.010773304611 68.142155340216 188.794721172332
17.762968863376 -99.359543943691 -76.531622875029 -96.010773304611 68.142155340216 188.794721172332
17.727804541773 -99.497783345656 -76.373019083524 -96.017039070824 68.140992594774 188.756853657093
17.657842392585 -99.774522772477 -76.054393712427 -96.030871922301 68.138704943318 188.681511471776
17.588364700270 -100.051618854476 -75.733863700676 -96.046443389191 68.136467016991 188.606688626618
17.519366482738 -100.329082786235 -75.411411508792 -96.063757946922 68.134277957413 188.532379840104
17.416757439518 -100.745993483528 -74.924089515510 -96.093008583255 68.131084155532 188.421869140017
17.315199865772 -101.163797273602 -74.432338768848 -96.126209309497 68.127995637846 188.312486066832
17.181397815577 -101.722329228727 -73.769667644408 -96.176654451862 68.124036739387 188.168366800294
17.049399681394 -102.282622759260 -73.098841481673 -96.234205171797 68.120254042828 188.026182833450
16.886883994565 -102.985628067001 -72.248574745180 -96.316219907456 68.115764404958 187.851116218304
16.727062452202 -103.691767949883 -71.384930398761 -96.409543234604 68.111529643110 187.678941284571
16.569869002181 -104.401272329736 -70.507518154718 -96.514310432797 68.107539115232 187.509587815075
16.384616085526 -105.257463449112 -69.435855890471 -96.655351991817 68.103058598656 187.309992407952
16.202949093212 -106.119303115258 -68.342972183224 -96.813389057887 68.098898484271 187.114248689026
15.995399886064 -107.132573913522 -67.039961902796 -97.019699508115 68.094428942821 186.890603674837
15.995399886064 -107.132573913522 -67.039961902796 -97.019699508115 68.094428942821 186.890603674837
15.763806501878 -108.301911083971 -65.512036279621 -97.285169468639 68.089798344021 186.641033855005
15.537979689891 -109.484658326433 -63.940293539278 -97.583342185654 68.085645474259 186.397663212657
15.317707816045 -110.682383367254 -62.321813641587 -97.915488355311 68.081939614452 186.160265961601
15.129368103026 -111.744066549752 -60.864683322862 -98.235157808879 68.079041129866 185.957274093993
15.129368103026 -111.744066549752 -60.864683322862 -98.235157808879 68.079041129866 185.957274093993
14.918976298110 -112.974843082936 -59.149139128297 -98.635260999156 68.076097812914 185.730505240123
14.764474169286 -113.911422432065 -57.824787916742 -98.960850426605 68.074134350852 185.563970842755
14.612710576182 -114.860769126292 -56.465786288481 -99.309418566913 68.072368935228 185.400383967707
14.414495265014 -116.148557020647 -54.595680032721 -99.811943912423 68.070306834003 185.186720736522
14.292945333080 -116.967522089717 -53.390492857167 -100.149230769138 68.069178848253 185.055694894133
14.173144962698 -117.798436714301 -52.155119507370 -100.505455647964 68.068168680503 184.926553067466
14.078539224349 -118.472472283410 -51.143680194050 -100.804767479309 68.067442223806 184.824569188910
14.078539224349 -118.472472283410 -51.143680194050 -100.804767479309 68.067442223806 184.824569188910
13.985010658155 -119.155420954942 -50.110374611110 -101.117464694509 68.066785864587 184.723745509694
13.892541051157 -119.847942294563 -49.053867902601 -101.444215431841 68.066197371481 184.624062515254
13.823873061237 -120.374052603900 -48.245374703725 -101.698947080534 68.065799237751 184.550037348196
13.755783345985 -120.906296709008 -47.422308461918 -101.962350238039 68.065437178771 184.476635178146
13.688264662220 -121.445043696107 -46.583916591412 -102.234805552865 68.065110331767 184.403848239878
13.665884095602 -121.626139682340 -46.300906897834 -102.327706564605 68.065009061574 184.379721321559
13.621309886717 -121.990696414019 -45.729376117291 -102.516730345475 68.064817855039 184.331668895580
13.599115726958 -122.174190308094 -45.440787173698 -102.612887618629 68.064727858121 184.307742832942
13.599115726958 -122.174190308094 -45.440787173698 -102.612887618629 68.064727858121 184.307742832942
13.599115726958 -122.174190308094 -45.440787173698 -102.612887618629 68.064727858121 184.307742832942
13.599115726958 -122.174190308094 -45.440787173698 -102.612887618629 68.064727858121 184.307742832942
13.599115726958 -122.174190308094 -45.440787173698 -102.612887618629 68.064727858121 184.307742832942
13.599115726958 -122.174190308094 -45.440787173698 -102.612887618629 68.064727858121 184.307742832942
13.559776106515 -122.300155125244 -45.173969826952 -102.707586764370 68.185068968118 184.263061487728
13.559776106515 -122.300155125244 -45.173969826952 -102.707586764370 68.185068968118 184.263061487728
13.559776106515 -122.300155125244 -45.173969826952 -102.707586764370 68.185068968118 184.263061487728
13.559776106515 -122.300155125244 -45.173969826952 -102.707586764370 68.185068968118 184.263061487728
13.520442393267 -122.426811237829 -44.906017077084 -102.802954741736 68.305463603730 184.218528131063
13.363174827991 -122.940542980342 -43.822436131516 -103.191324087644 68.787571251172 184.041866039873
13.284587148349 -123.201817668441 -43.273275122761 -103.389802650066 69.028938243852 183.954411868008
13.166772425392 -123.599491305317 -42.439786262603 -103.693157508847 69.391373317297 183.824317290672
13.166772425392 -123.599491305317 -42.439786262603 -103.693157508847 69.391373317297 183.824317290672
13.009827825978 -124.140995837341 -41.309171280565 -104.108710590707 69.875325197485 183.652869032101
12.892239746488 -124.556054993773 -40.445727773425 -104.429197722122 70.238807347274 183.525777021877
12.735636672367 -125.122160484669 -39.272163816331 -104.869122846138 70.724125744669 183.358292784066
12.501171574755 -126.000832960886 -37.459132945923 -105.558522525062 71.453512047460 183.111240910101
12.306240963977 -126.763015793540 -35.893868559580 -106.163201174607 72.062584507284 182.909138480710
12.111777700475 -127.555868644183 -34.271920229566 -106.799021690642 72.672754653552 182.710417473507
11.879106444236 -128.553537486323 -32.238676702010 -107.609329508644 73.406356633521 182.476352093866
11.685840126034 -129.429631559669 -30.458975864293 -108.330678716187 74.018814302288 182.284912533152
11.493193453381 -130.353749684626 -28.586259214775 -109.101908312024 74.632254715521 182.096713645654
11.339553534975 -131.133838433309 -27.008127522633 -109.761526108936 75.123691032495 181.948459845243
11.186363542398 -131.957067279827 -25.344563204872 -110.466479903536 75.615716076499 181.802232680535
11.033646832587 -132.832111337990 -23.577467509432 -111.226155636097 76.108312256233 181.658011841370
10.957473198021 -133.292671894422 -22.647571132702 -111.630418917919 76.354819074155 181.586647570781
10.843451727954 -134.017780383610 -21.183387045672 -112.273266786144 76.724834134884 181.480526978597
10.767600898345 -134.527792300394 -20.153197359371 -112.730206628540 76.971677604076 181.410393618723
10.691884167557 -135.062993410955 -19.071616245091 -113.214074366444 77.218651996686 181.340748450529
10.654076971947 -135.341383302011 -18.508753975104 -113.467561276767 77.342187627060 181.306108205103
10.616304358561 -135.627847213078 -17.929340841733 -113.729704696095 77.465755195139 181.271589131192
10.616304358561 -135.627847213078 -17.929340841733 -113.729704696095 77.465755195139 181.271589131192
10.616304358561 -135.627847213078 -17.929340841733 -113.729704696095 77.465755195139 181.271589131192
10.616304358561 -135.627847213078 -17.929340841733 -113.729704696095 77.465755195139 181.271589131192
10.616304358561 -135.627847213078 -17.929340841733 -113.729704696095 77.465755195139 181.271589131192
10.867555391514 -135.367425110040 -18.424039607650 -113.596803508337 77.183425969553 181.502190819851
10.867555391514 -135.367425110040 -18.424039607650 -113.596803508337 77.183425969553 181.502190819851
10.867555391514 -135.367425110040 -18.424039607650 -113.596803508337 77.183425969553 181.502190819851
11.118964903860 -135.116708031606 -18.900586218440 -113.474859963566 76.901718226243 181.733742222057
11.622207768133 -134.641950009692 -19.804327526518 -113.261205206457 76.340236605279 182.199715239555
12.125929422767 -134.199419704411 -20.649262905864 -113.084244047441 75.781449484306 182.669549214506
12.630025886189 -133.785876261838 -21.442186600149 -112.940468581449 75.225496421650 183.143283328250
13.386645075587 -133.214392570986 -22.545634469797 -112.781055371934 74.397186590312 183.861278152527
13.386645075587 -133.214392570986 -22.545634469797 -112.781055371934 74.397186590312 183.861278152527
14.143519869237 -132.695623364875 -23.558323165254 -112.682774000826 73.576040297546 184.588248511443
15.152473415322 -132.077219681506 -24.785733666645 -112.637391701025 72.493137087113 185.571685399938
16.412149336011 -131.409625120616 -26.148670230873 -112.704907975197 71.160291382307 186.824010137943
17.417667178740 -130.951889989686 -27.118823989352 -112.849622482237 70.111984228956 187.844500857902
17.417667178740 -130.951889989686 -27.118823989352 -112.849622482237 70.111984228956 187.844500857902
18.670444199117 -130.467180764372 -28.198099092746 -113.135158913225 68.825840636505 189.143599141763
20.165670227874 -130.004524977355 -29.317123701676 -113.620960444781 67.320746483955 190.737109835704
20.165670227874 -130.004524977355 -29.317123701676 -113.620960444781 67.320746483955 190.737109835704
23.606195170233 -129.384591361824 -31.275814521616 -115.309618695762 63.989549720230 194.601269327066
25.054162244569 -129.301892073744 -31.864493228556 -116.253902897114 62.646899760354 196.318577319040
26.719125549949 -129.336474912736 -32.376508397933 -117.512041595361 61.150300063094 198.366622426283
27.890681221029 -129.445146280202 -32.631642811253 -118.509807014571 60.129402187312 199.857619449975
29.046290485449 -129.622234518264 -32.797422267873 -119.587137184699 59.150028243079 201.370823190427
30.185000333416 -129.866610861746 -32.875740935990 -120.741461591958 58.213282231973 202.904959123470
30.185000333416 -129.866610861746 -32.875740935990 -120.741461591958 58.213282231973 202.904959123470
31.305950294116 -130.177329269648 -32.868052548785 -121.970249025954 57.320110682209 204.458570871049
32.408372956531 -130.553600575368 -32.775425619231 -123.270985509540 56.471297898925 206.030024202863
33.060648908738 -130.810553225582 -32.679391882112 -124.084920405407 55.983566825021 206.980716057965
33.919371375847 -131.189298586245 -32.504356426220 -125.208123488408 55.358629226787 208.256564830886
34.343949211353 -131.394094505301 -32.396734337449 -125.785634600036 55.057087695648 208.897735946396
34.974748525614 -131.720498975881 -32.210177848391 -126.671345071193 54.618484174760 209.863169015252
35.183382693029 -131.834413286450 -32.141288586673 -126.971688921676 54.475944845622 210.185890313823
35.598182831821 -132.069898844032 -31.993441302798 -127.579921464121 54.196365035107 210.832590719585
35.804342678005 -132.191466817360 -31.914476852090 -127.887772047349 54.059325660341 211.156533278177
35.804342678005 -132.191466817360 -31.914476852090 -127.887772047349 54.059325660341 211.156533278177
35.804342678005 -132.191466817360 -31.914476852090 -127.887772047349 54.059325660341 211.156533278177
35.804342678005 -132.191466817360 -31.914476852090 -127.887772047349 54.059325660341 211.156533278177
35.804342678005 -132.191466817360 -31.914476852090 -127.887772047349 54.059325660341 211.156533278177
35.804342678005 -132.191466817360 -31.914476852090 -127.887772047349 54.059325660341 211.156533278177
35.804342678005 -132.191466817360 -31.914476852090 -127.887772047349 54.059325660341 211.156533278177
35.804342678005 -132.191466817360 -31.914476852090 -127.887772047349 54.059325660341 211.156533278177
35.845012955678 -131.976499564509 -32.283657301158 -127.760887234513 54.074565872406 211.203102022436
35.845012955678 -131.976499564509 -32.283657301158 -127.760887234513 54.074565872406 211.203102022436
35.845012955678 -131.976499564509 -32.283657301158 -127.760887234513 54.074565872406 211.203102022436
35.845012955678 -131.976499564509 -32.283657301158 -127.760887234513 54.074565872406 211.203102022436
35.845012955678 -131.976499564509 -32.283657301158 -127.760887234513 54.074565872406 211.203102022436
35.885778192563 -131.763566248808 -32.648478406582 -127.636370993193 54.089859707707 211.249761477891
35.967594770804 -131.343529003079 -33.365609099797 -127.394150347511 54.120609145809 211.343353403867
36.049794878232 -130.930846234493 -34.066926972527 -127.160561332774 54.151575780674 211.437310824227
36.173819596854 -130.324624502874 -35.091307066363 -126.825297923125 54.198436969012 211.578936144890
36.298721317604 -129.732572933744 -36.085050109129 -126.506893609630 54.245797179309 211.721393857141
36.424508605621 -129.153516380540 -37.050597892494 -126.204083106982 54.293662722575 211.864690033410
36.593617529420 -128.399904278682 -38.297773142417 -125.822708788326 54.358280593975 212.057066453571
36.764337028984 -127.665498817500 -39.502913950637 -125.464867433372 54.423823639411 212.250958962052
36.764337028984 -127.665498817500 -39.502913950637 -125.464867433372 54.423823639411 212.250958962052
36.980033515580 -126.771821489141 -40.955791094425 -125.047781360665 54.507077427011 212.495479071079
37.242293967827 -125.731298977097 -42.628573510041 -124.587526689493 54.608966719512 212.792101538855
37.508360535634 -124.721664177351 -44.232349896799 -124.167001601724 54.713073691680 213.092261190175
37.778309125128 -123.739494383009 -45.774211019058 -123.782547129887 54.819455433900 213.396009591522
37.778309125128 -123.739494383009 -45.774211019058 -123.782547129887 54.819455433900 213.396009591522
38.052217422531 -122.781939558059 -47.260056915529 -123.431121862966 54.928170645060 213.703398986035
38.283556419117 -122.001035792057 -48.459081342930 -123.161639535838 55.020592655246 213.962376286810
38.517747391758 -121.234352601494 -49.625148386757 -122.912035191407 55.114712834757 214.223949773415
38.802608695479 -120.331626114719 -50.983978571438 -122.637178950327 55.229950312318 214.541309022552
38.994877853445 -119.739545225077 -51.866886673878 -122.468102751798 55.308195201034 214.755010845562
39.189066054330 -119.154756181821 -52.732439029730 -122.309827994614 55.387598944510 214.970434943928
39.335982167058 -118.720716416414 -53.370695004580 -122.197963173538 55.447924308029 215.133143184044
39.335982167058 -118.720716416414 -53.370695004580 -122.197963173538 55.447924308029 215.133143184044
39.484003417146 -118.290409871623 -53.999948741969 -122.091783746436 55.508921410021 215.296836495103
39.583303751476 -118.005542558718 -54.414595035110 -122.024081544931 55.549963634938 215.406516111164
39.733191896099 -117.581147530606 -55.029485754698 -121.927048811379 55.612099742883 215.571866896435
39.783406342028 -117.440438401288 -55.232600950365 -121.895889879953 55.632965838253 215.627206575294
39.783406342028 -117.440438401288 -55.232600950365 -121.895889879953 55.632965838253 215.627206575294
39.833747363598 -117.300099552570 -55.434807761829 -121.865315487881 55.653909517975 215.682658070037
39.833747363598 -117.300099552570 -55.434807761829 -121.865315487881 55.653909517975 215.682658070037
39.890174300382 -117.167300577375 -55.627197762618 -121.840762746720 55.677414856461 215.744780365458
39.890174300382 -117.167300577375 -55.627197762618 -121.840762746720 55.677414856461 215.744780365458
39.890174300382 -117.167300577375 -55.627197762618 -121.840762746720 55.677414856461 215.744780365458
39.890174300382 -117.167300577375 -55.627197762618 -121.840762746720 55.677414856461 215.744780365458
39.890174300382 -117.167300577375 -55.627197762618 -121.840762746720 55.677414856461 215.744780365458
40.003431111575 -116.902759566039 -56.009455345267 -121.793250157136 55.724687940470 215.869363506918
40.060261789492 -116.771009996295 -56.199338761927 -121.770281904934 55.748456379558 215.931824744994
40.174329707382 -116.508534422140 -56.576653353765 -121.725901019797 55.796258795354 216.057087535351
40.346454076187 -116.117327074363 -57.136606033574 -121.663159417639 55.868631531719 216.245835442362
40.461890077832 -115.858153204413 -57.505978599416 -121.623840226633 55.917330225422 216.372238809337
40.461890077832 -115.858153204413 -57.505978599416 -121.623840226633 55.917330225422 216.372238809337
40.694424300763 -115.343603598020 -58.235539280065 -121.551090828959 56.015820963508 216.626424001864
40.870292474354 -114.960918339355 -58.774877433414 -121.501572010453 56.090657076743 216.818275186738
41.166234849607 -114.329026005610 -59.659343841569 -121.428383219819 56.217257114006 217.140351840243
41.465759064744 -113.704239880830 -60.526388140316 -121.366537997471 56.346238848680 217.465355334328
41.465759064744 -113.704239880830 -60.526388140316 -121.366537997471 56.346238848680 217.465355334328
42.137585659139 -112.353238316234 -62.375741871390 -121.268661820221 56.638615771357 218.190784193946
42.511661138162 -111.629158018373 -63.352522366580 -121.236436937247 56.803233200858 218.592583731699
42.511661138162 -111.629158018373 -63.352522366580 -121.236436937247 56.803233200858 218.592583731699
42.955047430304 -110.795147661917 -64.465105252663 -121.216863680985 57.000016459582 219.066870842119
43.406083110032 -109.972163593234 -65.549832902440 -121.215997780446 57.202026321251 219.547164764523
43.864926899636 -109.159686840179 -66.607866385769 -121.233155286216 57.409405688443 220.033528908468
43.864926899636 -109.159686840179 -66.607866385769 -121.233155286216 57.409405688443 220.033528908468
44.264558413376 -108.471287940646 -67.494308539174 -121.261722844066 57.591543739292 220.455291257201
44.602131613798 -107.903067231979 -68.219063737946 -121.295013363274 57.746488487238 220.810229698948
44.943902749406 -107.339647079482 -68.931491890774 -121.336703224240 57.904367520703 221.168346115141
45.289932812881 -106.780898731574 -69.631901542785 -121.386592238737 58.065236793769 221.529662293309
45.569864668930 -106.337183682898 -70.183771447713 -121.432276952706 58.196123285608 221.821033488682
45.781647305501 -106.006275530238 -70.592832971625 -121.469845288709 58.295585551475 222.040921308369
45.781647305501 -106.006275530238 -70.592832971625 -121.469845288709 58.295585551475 222.040921308369
46.138151255367 -105.458273146477 -71.265549456025 -121.538637091167 58.463864346254 222.410003718064
46.282001098089 -105.240282925730 -71.531514630757 -121.568282667565 58.532064711300 222.558551466738
46.499125947688 -104.914576386621 -71.927166539504 -121.614996784415 58.635329394938 222.782357272039
46.571862955355 -104.806345743505 -72.058179136359 -121.631161477456 58.670009959821 222.857222297028
46.717883119660 -104.590387697786 -72.318908299113 -121.664372605902 58.739762459865 223.007347935156
46.791167299844 -104.482658982538 -72.448628468930 -121.681416317504 58.774835353902 223.082608863507
46.791167299844 -104.482658982538 -72.448628468930 -121.681416317504 58.774835353902 223.082608863507
46.791167299844 -104.482658982538 -72.448628468930 -121.681416317504 58.774835353902 223.082608863507
46.791167299844 -104.482658982538 -72.448628468930 -121.681416317504 58.774835353902 223.082608863507
46.791167299844 -104.482658982538 -72.448628468930 -121.681416317504 58.774835353902 223.082608863507
46.791167299844 -104.482658982538 -72.448628468930 -121.681416317504 58.774835353902 223.082608863507
46.791167299844 -104.482658982538 -72.448628468930 -121.681416317504 58.774835353902 223.082608863507
46.937299520246 -104.479824548503 -72.521863262387 -121.815734192831 58.761462143597 223.281832858825
46.937299520246 -104.479824548503 -72.521863262387 -121.815734192831 58.761462143597 223.281832858825
47.083323406591 -104.477592382496 -72.594739475924 -121.949994279837 58.748872169082 223.480881535784
47.229237603070 -104.475960956387 -72.667260815229 -122.084187398455 58.737064260111 223.679747630283
47.375040765255 -104.474928730422 -72.739430967199 -122.218304414021 58.726037195504 223.878423898158
47.666308666370 -104.474655663155 -72.882732359549 -122.486273834166 58.706320461980 224.275178084930
48.102344812224 -104.478700926648 -73.095141575856 -122.887431616120 58.682568273472 224.868705852748
48.392443430033 -104.484349079240 -73.235094293088 -123.154235609673 58.670598266519 225.263238907329
48.971174372851 -104.502670153453 -73.511158327411 -123.686006551757 58.655876007448 226.049286308479
49.547885459994 -104.530269518994 -73.782284228222 -124.214873207176 58.653350387016 226.830938686807
50.265819886370 -104.577652341858 -74.114573839907 -124.871064876015 58.667156930385 227.801160536260
50.837716761202 -104.625731959580 -74.375363404524 -125.391482385760 58.691608158250 228.571346178148
51.833078083516 -104.731273607318 -74.821593935408 -126.290951236755 58.762595369736 229.905041353084
52.821203979790 -104.863535927625 -75.255758297439 -127.173991741339 58.868723558601 231.218957843866
53.662174881379 -104.997708652252 -75.618998297953 -127.916090830585 58.986944943969 232.327928233224
54.636066073601 -105.177975082990 -76.033142404768 -128.762798011991 59.155768603207 233.599979074644
55.464441255257 -105.352391750921 -76.380415272842 -129.470868616410 59.326184378757 234.670440504821
56.286769628589 -105.544778748925 -76.721030041767 -130.161530994702 59.519584075886 235.721522650034
56.967333777195 -105.718557992184 -77.000067344909 -130.723130177417 59.697778146529 236.581972239495
56.967333777195 -105.718557992184 -77.000067344909 -130.723130177417 59.697778146529 236.581972239495
57.778264287246 -105.942921942303 -77.329435930889 -131.379622825185 59.931391899540 237.595262762373
58.449186339582 -106.142837084410 -77.599547590100 -131.911718377662 60.142032459898 238.423130570285
58.982713001898 -106.311094771854 -77.812889315612 -132.327348116733 60.320668723906 239.074320851129
60.299361003559 -106.774475392082 -78.332457975197 -133.311873251962 60.817919907907 240.641719202632
60.299361003559 -106.774475392082 -78.332457975197 -133.311873251962 60.817919907907 240.641719202632
60.957685004390 -107.006165702196 -78.592242304990 -133.804135819577 61.066545499907 241.425418378384
60.957685004390 -107.006165702196 -78.592242304990 -133.804135819577 61.066545499907 241.425418378384
60.957685004390 -107.006165702196 -78.592242304990 -133.804135819577 61.066545499907 241.425418378384
60.957685004390 -107.006165702196 -78.592242304990 -133.804135819577 61.066545499907 241.425418378384
60.957685004390 -107.006165702196 -78.592242304990 -133.804135819577 61.066545499907 241.425418378384
60.957685004390 -107.006165702196 -78.592242304990 -133.804135819577 61.066545499907 241.425418378384
60.957685004390 -107.006165702196 -78.592242304990 -133.804135819577 61.066545499907 241.425418378384
60.984840162420 -106.968439339544 -78.572885873717 -133.856992068218 60.972285287002 241.411331584397
60.984840162420 -106.968439339544 -78.572885873717 -133.856992068218 60.972285287002 241.411331584397
60.984840162420 -106.968439339544 -78.572885873717 -133.856992068218 60.972285287002 241.411331584397
60.984840162420 -106.968439339544 -78.572885873717 -133.856992068218 60.972285287002 241.411331584397
61.011914164175 -106.930576054440 -78.553816684128 -133.909662301757 60.877965175270 241.397162422850
61.011914164175 -106.930576054440 -78.553816684128 -133.909662301757 60.877965175270 241.397162422850
61.065817657277 -106.854437368792 -78.516540016856 -134.014443929116 60.689144550479 241.368575087153
61.119393385398 -106.777746977380 -78.480412232269 -134.118479085875 60.500082206347 241.339652506995
61.119393385398 -106.777746977380 -78.480412232269 -134.118479085875 60.500082206347 241.339652506995
61.199137768098 -106.661671217037 -78.428374380128 -134.273128544926 60.216032324398 241.295631422301
61.278132629254 -106.544339566009 -78.378920398816 -134.426088901883 59.931430437091 241.250833565361
61.356370573413 -106.425743588565 -78.332049152271 -134.577354114451 59.646271560704 241.205244953529
61.356370573413 -106.425743588565 -78.332049152271 -134.577354114451 59.646271560704 241.205244953529
61.459497381600 -106.265634729412 -78.273569116535 -134.776393244671 59.265184537427 241.143205162192
61.561246967515 -106.103244762178 -78.219673411256 -134.972391858658 58.883086085850 241.079698749444
61.686468817151 -105.897021915771 -78.158741848740 -135.213088991045 58.404021682320 240.998197443988
61.833803422549 -105.644764704123 -78.095048530650 -135.495571142147 57.826997476546 240.897190177075
61.977876927151 -105.387230006297 -78.041609924822 -135.771059658536 57.247589363354 240.792557252939
62.118620406651 -105.124365724254 -77.998392828550 -136.039483527030 56.665751831482 240.684154849695
62.255962516069 -104.856123052059 -77.965358975333 -136.300765006809 56.081438069396 240.571830540157
62.411797354136 -104.536314913697 -77.939632165471 -136.596452116173 55.396544737722 240.435612480151
62.583945733589 -104.161694250071 -77.927031623565 -136.922141246615 54.609501197912 240.272776265348
62.729227857467 -103.825847526532 -77.930612056357 -137.196221511928 53.916977171105 240.123699767188
62.927840584509 -103.332913121765 -77.959181837607 -137.569727525026 52.921232776236 239.899395165119
63.097304170603 -102.875934701653 -78.008268940874 -137.887269393717 52.018413256250 239.685361555484
63.257644404169 -102.406224098972 -78.079262265005 -138.186626732082 51.109096753727 239.458964731693
63.408531290623 -101.923699120742 -78.171920671580 -138.467185378121 50.193086948869 239.219307037098
63.564672529584 -101.372442528959 -78.299981547042 -138.756004958848 49.167202654688 238.936260694947
63.721848936206 -100.747577530984 -78.470974720351 -139.044536401349 48.028559605673 238.602780937675
63.850901059956 -100.162627916328 -78.653440801208 -139.278874407262 46.983869704369 238.277656998457
64.018481575819 -99.254868585435 -78.974659735217 -139.576850996442 45.399102966411 237.746384387102
64.120490720646 -98.565907740428 -79.245967485499 -139.751238832719 44.222911966128 237.319705569622
64.216923728135 -97.726115639992 -79.605132219896 -139.904454044716 42.816975838986 236.769726170247
64.281459122666 -96.926145561756 -79.973455102439 -139.989888759868 41.503407261976 236.212588632190
64.323273141125 -96.032382653935 -80.412265452481 -140.014615238290 40.062750672421 235.548047821401
64.334091433971 -95.110008610174 -80.892750389053 -139.959639754239 38.603295225857 234.810955077299
64.311951495882 -94.158474791086 -81.415683051299 -139.813373072108 37.124682830459 233.990086479476
64.311951495882 -94.158474791086 -81.415683051299 -139.813373072108 37.124682830459 233.990086479476
64.222907341342 -92.791406412971 -82.212593693474 -139.432721114953 35.045476139952 232.689407406529
64.082305745413 -91.525855914346 -82.996849533691 -138.883774174478 33.166573926723 231.339458474232
64.082305745413 -91.525855914346 -82.996849533691 -138.883774174478 33.166573926723 231.339458474232
63.907932936391 -90.377375494132 -83.747648814496 -138.202831714431 31.499913013156 229.974627530825
63.645282324081 -89.014527739239 -84.689412515234 -137.139827867421 29.571889639185 228.156374832984
63.332821863515 -87.684112581832 -85.666922125295 -135.797542170677 27.746181530900 226.141385084709
62.894653089081 -86.108521070156 -86.909333244069 -133.754482820195 25.664878560232 223.395541533767
62.359428987077 -84.453848596649 -88.331081392576 -130.982039127146 23.586950013345 220.013523485959
61.551188675061 -82.293729919276 -90.412754567889 -126.167364872705 21.067228632237 214.646419263722
60.716335787061 -80.350320366749 -92.571844056441 -120.337095165442 19.012898824597 208.618965058197
59.853828807758 -78.594648114314 -94.848512598647 -113.357503901076 17.347747650651 201.789233716230
58.802867856095 -76.817032558220 -97.651942600479 -103.594660985994 15.862284403165 192.654690207415
57.677474469937 -75.436116548447 -100.539596026837 -91.939480004633 14.878757426483 182.130282278070
56.410636762999 -74.614157345217 -103.357111799286 -78.212075103950 14.463242708709 170.022014539023
55.086682993621 -74.511315315498 -105.537218516189 -64.487253488374 14.712995642124 158.022496275605
55.086682993621 -74.511315315498 -105.537218516189 -64.487253488374 14.712995642124 158.022496275605
53.104594348008 -75.211204809356 -107.302371164420 -47.297388710278 16.083757847844 142.832372781162
51.448280925296 -76.015271271026 -107.797669108241 -36.544266691415 17.839896356196 133.034831154008
51.448280925296 -76.015271271026 -107.797669108241 -36.544266691415 17.839896356196 133.034831154008
48.088170450557 -77.356933574010 -107.570766070586 -22.490989795481 22.275732958459 119.495698353211
48.088170450557 -77.356933574010 -107.570766070586 -22.490989795481 22.275732958459 119.495698353211
46.009882219351 -77.942299403460 -107.115359199702 -17.127713081360 25.297651186119 113.942963741283
43.936869664927 -78.410280572412 -106.575562320333 -13.280062286251 28.401662907471 109.737535122736
41.740728693468 -78.841397397985 -105.951084551870 -10.287794610917 31.736701947049 106.280128497845
39.766549011886 -79.210081871464 -105.353493874285 -8.249967140428 34.752761603280 103.793664458357
37.888653789898 -79.566299422594 -104.753651034746 -6.719144795349 37.627622424289 101.830041241731
35.952165629182 -79.954117032037 -104.100422632425 -5.448737228537 40.593517784149 100.118142595749
35.952165629182 -79.954117032037 -104.100422632425 -5.448737228537 40.593517784149 100.118142595749
34.147187736215 -80.343772888536 -103.456484956302 -4.479358262264 43.357544406852 98.746925552722
31.934399841302 -80.868281049056 -102.615442243579 -3.507598398968 46.745301417180 97.298807806364
30.247990406233 -81.308024188679 -101.932076337023 -2.893343593177 49.327429714563 96.334421860225
28.544466929528 -81.791237882199 -101.200614166073 -2.362190675218 51.937202841888 95.460795651631
26.829300859917 -82.320561357511 -100.418391346033 -1.903164358220 54.567732872357 94.667665317377
25.299422694109 -82.831453439022 -99.678365371174 -1.548409547148 56.917942504150 94.023107488316
23.768630455017 -83.381508901904 -98.894393665937 -1.238396563526 59.274587037976 93.429857594457
22.431463873202 -83.895583924193 -98.170992653393 -1.000502567546 61.338402225315 92.949166923972
21.289020696514 -84.360889678553 -97.522211368587 -0.819514782953 63.106378014005 92.563456062920
19.585281595350 -85.101938207037 -96.497669070337 -0.584974547910 65.752589540866 92.026863370955
18.458225222012 -85.624850379377 -95.779340936248 -0.451848432503 67.510467285348 91.695090178829
18.458225222012 -85.624850379377 -95.779340936248 -0.451848432503 67.510467285348 91.695090178829
17.339826304390 -86.170927540888 -95.031926128257 -0.336431761751 69.261493620991 91.382623662069
16.415402237979 -86.643695523340 -94.386331923914 -0.253363693159 70.714375107211 91.136169229503
15.498645342634 -87.132548171091 -93.719597253222 -0.181943980848 72.160653816240 90.901743042954
14.590247857278 -87.637465327799 -93.031282499495 -0.121986252570 73.599560714785 90.678792336335
14.590247857278 -87.637465327799 -93.031282499495 -0.121986252570 73.599560714785 90.678792336335
13.869988723433 -88.052947220531 -92.464791177030 -0.082186213100 74.744890136243 90.508348756196
13.333770558758 -88.371284613641 -92.030528590249 -0.057072791891 75.600274825995 90.384972503716
12.801102113402 -88.695379281203 -91.588101137599 -0.036009749925 76.452406144117 90.265306899614
12.448022146727 -88.914637394435 -91.288562334391 -0.024216973973 77.018619379101 90.187544955244
12.448022146727 -88.914637394435 -91.288562334391 -0.024216973973 77.018619379101 90.187544955244
12.096608673711 -89.136449136745 -90.985317362634 -0.014224783376 77.583288051439 90.111363877415
11.746895316525 -89.360812569499 -90.678334459414 -0.006035582478 78.146374803932 90.036737793115
11.746895316525 -89.360812569499 -90.678334459414 -0.006035582478 78.146374803932 90.036737793115
11.572686395579 -89.473950595680 -90.523431219800 -0.002618184521 78.427313604422 90.000000000000
11.572686395579 -89.473950595680 -90.523431219800 -0.002618184521 78.427313604422 90.000000000000
11.572686395579 -89.473950595680 -90.523431219800 -0.002618184521 78.427313604422 90.000000000000
11.572686395579 -89.473950595680 -90.523431219800 -0.002618184521 78.427313604422 90.000000000000
