6.918775443771 -65.051757037994 -115.680082170517 -78.414924564112 56.405361452318 189.367869175014
6.965314553289 -65.295978973571 -115.428515661010 -77.630801500316 56.625580973839 188.374190483264
6.965314553289 -65.295978973571 -115.428515661010 -77.630801500316 56.625580973839 188.374190483264
6.965314553289 -65.295978973571 -115.428515661010 -77.630801500316 56.625580973839 188.374190483264
6.965314553289 -65.295978973571 -115.428515661010 -77.630801500316 56.625580973839 188.374190483264
6.965314553289 -65.295978973571 -115.428515661010 -77.630801500316 56.625580973839 188.374190483264
6.965314553289 -65.295978973571 -115.428515661010 -77.630801500316 56.625580973839 188.374190483264
6.965314553289 -65.295978973571 -115.428515661010 -77.630801500316 56.625580973839 188.374190483264
6.965314553289 -65.295978973571 -115.428515661010 -77.630801500316 56.625580973839 188.374190483264
6.965314553289 -65.295978973571 -115.428515661010 -77.630801500316 56.625580973839 188.374190483264
6.965314553289 -65.295978973571 -115.428515661010 -77.630801500316 56.625580973839 188.374190483264
6.965314553289 -65.295978973571 -115.428515661010 -77.630801500316 56.625580973839 188.374190483264
6.965314553289 -65.295978973571 -115.428515661010 -77.630801500316 56.625580973839 188.374190483264
6.965314553289 -65.295978973571 -115.428515661010 -77.630801500316 56.625580973839 188.374190483264
6.965314553289 -65.295978973571 -115.428515661010 -77.630801500316 56.625580973839 188.374190483264
6.965314553289 -65.295978973571 -115.428515661010 -77.630801500316 56.625580973839 188.374190483264
6.965314553289 -65.295978973571 -115.428515661010 -77.630801500316 56.625580973839 188.374190483264
6.965314553289 -65.295978973571 -115.428515661010 -77.630801500316 56.625580973839 188.374190483264
6.965314553289 -65.295978973571 -115.428515661010 -77.630801500316 56.625580973839 188.374190483264
6.965314553289 -65.295978973571 -115.428515661010 -77.630801500316 56.625580973839 188.374190483264
6.965314553289 -65.295978973571 -115.428515661010 -77.630801500316 56.625580973839 188.374190483264
6.965314553289 -65.295978973571 -115.428515661010 -77.630801500316 56.625580973839 188.374190483264
6.965314553289 -65.295978973571 -115.428515661010 -77.630801500316 56.625580973839 188.374190483264
6.965314553289 -65.295978973571 -115.428515661010 -77.630801500316 56.625580973839 188.374190483264
6.965314553289 -65.295978973571 -115.428515661010 -77.630801500316 56.625580973839 188.374190483264
6.965314553289 -65.295978973571 -115.428515661010 -77.630801500316 56.625580973839 188.374190483264
6.965314553289 -65.295978973571 -115.428515661010 -77.630801500316 56.625580973839 188.374190483264
6.965314553289 -65.295978973571 -115.428515661010 -77.630801500316 56.625580973839 188.374190483264
6.965314553289 -65.295978973571 -115.428515661010 -77.630801500316 56.625580973839 188.374190483264
6.965314553289 -65.295978973571 -115.428515661010 -77.630801500316 56.625580973839 188.374190483264
6.965314553289 -65.295978973571 -115.428515661010 -77.630801500316 56.625580973839 188.374190483264
6.965314553289 -65.295978973571 -115.428515661010 -77.630801500316 56.625580973839 188.374190483264
6.965314553289 -65.295978973571 -115.428515661010 -77.630801500316 56.625580973839 188.374190483264
6.965314553289 -65.295978973571 -115.428515661010 -77.630801500316 56.625580973839 188.374190483264
6.965314553289 -65.295978973571 -115.428515661010 -77.630801500316 56.625580973839 188.374190483264
6.965314553289 -65.295978973571 -115.428515661010 -77.630801500316 56.625580973839 188.374190483264
6.965314553289 -65.295978973571 -115.428515661010 -77.630801500316 56.625580973839 188.374190483264
6.965314553289 -65.295978973571 -115.428515661010 -77.630801500316 56.625580973839 188.374190483264
6.965314553289 -65.295978973571 -115.428515661010 -77.630801500316 56.625580973839 188.374190483264
6.965314553289 -65.295978973571 -115.428515661010 -77.630801500316 56.625580973839 188.374190483264
7.011853662807 -65.540200909147 -115.176949151503 -76.846678436520 56.845800495360 187.380511791514
7.011853662807 -65.540200909147 -115.176949151503 -76.846678436520 56.845800495360 187.380511791514
7.011853662807 -65.540200909147 -115.176949151503 -76.846678436520 56.845800495360 187.380511791514
7.011853662807 -65.540200909147 -115.176949151503 -76.846678436520 56.845800495360 187.380511791514
7.011853662807 -65.540200909147 -115.176949151503 -76.846678436520 56.845800495360 187.380511791514
7.011853662807 -65.540200909147 -115.176949151503 -76.846678436520 56.845800495360 187.380511791514
7.011853662807 -65.540200909147 -115.176949151503 -76.846678436520 56.845800495360 187.380511791514
7.011853662807 -65.540200909147 -115.176949151503 -76.846678436520 56.845800495360 187.380511791514
7.011853662807 -65.540200909147 -115.176949151503 -76.846678436520 56.845800495360 187.380511791514
7.011853662807 -65.540200909147 -115.176949151503 -76.846678436520 56.845800495360 187.380511791514
7.011853662807 -65.540200909147 -115.176949151503 -76.846678436520 56.845800495360 187.380511791514
7.011853662807 -65.540200909147 -115.176949151503 -76.846678436520 56.845800495360 187.380511791514
7.011853662807 -65.540200909147 -115.176949151503 -76.846678436520 56.845800495360 187.380511791514
7.011853662807 -65.540200909147 -115.176949151503 -76.846678436520 56.845800495360 187.380511791514
7.011853662807 -65.540200909147 -115.176949151503 -76.846678436520 56.845800495360 187.380511791514
7.011853662807 -65.540200909147 -115.176949151503 -76.846678436520 56.845800495360 187.380511791514
7.058392772325 -65.784422844724 -114.925382641995 -76.062555372724 57.066020016881 186.386833099764
7.058392772325 -65.784422844724 -114.925382641995 -76.062555372724 57.066020016881 186.386833099764
7.058392772325 -65.784422844724 -114.925382641995 -76.062555372724 57.066020016881 186.386833099764
7.058392772325 -65.784422844724 -114.925382641995 -76.062555372724 57.066020016881 186.386833099764
7.058392772325 -65.784422844724 -114.925382641995 -76.062555372724 57.066020016881 186.386833099764
7.058392772325 -65.784422844724 -114.925382641995 -76.062555372724 57.066020016881 186.386833099764
7.058392772325 -65.784422844724 -114.925382641995 -76.062555372724 57.066020016881 186.386833099764
7.058392772325 -65.784422844724 -114.925382641995 -76.062555372724 57.066020016881 186.386833099764
7.058392772325 -65.784422844724 -114.925382641995 -76.062555372724 57.066020016881 186.386833099764
7.058392772325 -65.784422844724 -114.925382641995 -76.062555372724 57.066020016881 186.386833099764
7.058392772325 -65.784422844724 -114.925382641995 -76.062555372724 57.066020016881 186.386833099764
7.058392772325 -65.784422844724 -114.925382641995 -76.062555372724 57.066020016881 186.386833099764
7.058392772325 -65.784422844724 -114.925382641995 -76.062555372724 57.066020016881 186.386833099764
7.058392772325 -65.784422844724 -114.925382641995 -76.062555372724 57.066020016881 186.386833099764
7.058392772325 -65.784422844724 -114.925382641995 -76.062555372724 57.066020016881 186.386833099764
7.058392772325 -65.784422844724 -114.925382641995 -76.062555372724 57.066020016881 186.386833099764
7.104931881843 -66.028644780301 -114.673816132488 -75.278432308928 57.286239538402 185.393154408013
7.104931881843 -66.028644780301 -114.673816132488 -75.278432308928 57.286239538402 185.393154408013
7.104931881843 -66.028644780301 -114.673816132488 -75.278432308928 57.286239538402 185.393154408013
7.104931881843 -66.028644780301 -114.673816132488 -75.278432308928 57.286239538402 185.393154408013
7.104931881843 -66.028644780301 -114.673816132488 -75.278432308928 57.286239538402 185.393154408013
7.104931881843 -66.028644780301 -114.673816132488 -75.278432308928 57.286239538402 185.393154408013
7.104931881843 -466.028644780301 -114.673816132488 -75.278432308928 57.286239538402 185.393154408013
7.104931881843 -66.028644780301 -114.673816132488 -75.278432308928 57.286239538402 185.393154408013
7.104931881843 -66.028644780301 -114.673816132488 -75.278432308928 57.286239538402 185.393154408013
7.104931881843 -66.028644780301 -114.673816132488 -75.278432308928 57.286239538402 185.393154408013
7.151470991361 -66.272866715878 -114.422249622981 -74.494309245132 57.506459059923 184.399475716263
7.151470991361 -66.272866715878 -114.422249622981 -74.494309245132 57.506459059923 184.399475716263
7.151470991361 -66.272866715878 -114.422249622981 -74.494309245132 57.506459059923 184.399475716263
7.151470991361 -66.272866715878 -114.422249622981 -74.494309245132 57.506459059923 184.399475716263
7.151470991361 -66.272866715878 -114.422249622981 -74.494309245132 57.506459059923 184.399475716263
7.151470991361 -66.272866715878 -114.422249622981 -74.494309245132 57.506459059923 184.399475716263
7.151470991361 -66.272866715878 -114.422249622981 -74.494309245132 57.506459059923 184.399475716263
7.151470991361 -66.272866715878 -114.422249622981 -74.494309245132 57.506459059923 184.399475716263
7.198010100879 -66.517088651455 -114.170683113474 -73.710186181336 57.726678581444 183.405797024513
7.198010100879 -66.517088651455 -114.170683113474 -73.710186181336 57.726678581444 183.405797024513
7.244549210397 -66.761310587032 -113.919116603967 -72.926063117540 57.946898102965 182.412118332763
7.244549210397 -66.761310587032 -113.919116603967 -72.926063117540 57.946898102965 182.412118332763
7.244549210397 -66.761310587032 -113.919116603967 -72.926063117540 57.946898102965 182.412118332763
7.244549210397 -66.761310587032 -113.919116603967 -72.926063117540 57.946898102965 182.412118332763
7.244549210397 -66.761310587032 -113.919116603967 -72.926063117540 57.946898102965 182.412118332763
7.244549210397 -66.761310587032 -113.919116603967 -72.926063117540 57.946898102965 182.412118332763
7.244549210397 -66.761310587032 -113.919116603967 -72.926063117540 57.946898102965 182.412118332763
7.291088319916 -67.005532522609 -113.667550094460 -72.141940053744 58.167117624486 181.418439641013
7.291088319916 -67.005532522609 -113.667550094460 -72.141940053744 58.167117624486 181.418439641013
7.291088319916 -67.005532522609 -113.667550094460 -72.141940053744 58.167117624486 181.418439641013
7.291088319916 -67.005532522609 -113.667550094460 -72.141940053744 58.167117624486 181.418439641013
7.291088319916 -67.005532522609 -113.667550094460 -72.141940053744 58.167117624486 181.418439641013
7.291088319916 -67.005532522609 -113.667550094460 -72.141940053744 58.167117624486 181.418439641013
7.291088319916 -67.005532522609 -113.667550094460 -72.141940053744 58.167117624486 181.418439641013
7.337627429434 -67.249754458185 -113.415983584952 -71.357816989948 58.387337146007 180.424760949263
7.384166538952 -67.493976393762 -113.164417075445 -70.573693926152 58.607556667528 179.431082257513
7.430705648470 -67.738198329339 -112.912850565938 -69.789570862356 58.827776189049 178.437403565762
7.430705648470 -67.738198329339 -112.912850565938 -69.789570862356 58.827776189049 178.437403565762
7.430705648470 -67.738198329339 -112.912850565938 -69.789570862356 58.827776189049 178.437403565762
7.430705648470 -67.738198329339 -112.912850565938 -69.789570862356 58.827776189049 178.437403565762
7.477244757988 -67.982420264916 -112.661284056431 -69.005447798561 59.047995710570 177.443724874012
7.477244757988 -67.982420264916 -112.661284056431 -69.005447798561 59.047995710570 177.443724874012
7.523783867506 -68.226642200493 -112.409717546924 -68.221324734765 59.268215232091 176.450046182262
7.523783867506 -68.226642200493 -112.409717546924 -68.221324734765 59.268215232091 176.450046182262
7.570322977024 -68.470864136070 -112.158151037417 -67.437201670969 59.488434753612 175.456367490512
7.570322977024 -68.470864136070 -112.158151037417 -67.437201670969 59.488434753612 175.456367490512
7.616862086542 -68.715086071647 -111.906584527910 -66.653078607173 59.708654275133 174.462688798762
7.663401196060 -68.959308007223 -111.655018018402 -65.868955543377 59.928873796654 173.469010107012
7.709940305578 -69.203529942800 -111.403451508895 -65.084832479581 60.149093318175 172.475331415262
7.709940305578 -69.203529942800 -111.403451508895 -65.084832479581 60.149093318175 172.475331415262
7.756479415096 -69.447751878377 -111.151884999388 -64.300709415785 60.369312839696 171.481652723511
7.756479415096 -69.447751878377 -111.151884999388 -64.300709415785 60.369312839696 171.481652723511
7.803018524614 -69.691973813954 -110.900318489881 -63.516586351989 60.589532361218 170.487974031761
7.803018524614 -69.691973813954 -110.900318489881 -63.516586351989 60.589532361218 170.487974031761
7.849557634133 -69.936195749531 -110.648751980374 -62.732463288193 60.809751882739 169.494295340011
7.849557634133 -69.936195749531 -110.648751980374 -62.732463288193 60.809751882739 169.494295340011
7.896096743651 -70.180417685108 -110.397185470867 -61.948340224397 61.029971404260 168.500616648261
7.942635853169 -70.424639620685 -110.145618961359 -61.164217160601 61.250190925781 167.506937956511
7.942635853169 -70.424639620685 -110.145618961359 -61.164217160601 61.250190925781 167.506937956511
7.989174962687 -70.668861556261 -109.894052451852 -60.380094096805 61.470410447302 166.513259264761
7.989174962687 -70.668861556261 -109.894052451852 -60.380094096805 61.470410447302 166.513259264761
8.082253181723 -71.157305427415 -109.390919432838 -58.811847969214 61.910849490344 164.525901881260
8.082253181723 -71.157305427415 -109.390919432838 -58.811847969214 61.910849490344 164.525901881260
8.128792291241 -71.401527362992 -109.139352923331 -58.027724905418 62.131069011865 163.532223189510
8.128792291241 -71.401527362992 -109.139352923331 -58.027724905418 62.131069011865 163.532223189510
8.175331400759 -71.645749298569 -108.887786413824 -57.243601841622 62.351288533386 162.538544497760
8.221870510277 -71.889971234146 -108.636219904317 -56.459478777826 62.571508054907 161.544865806010
8.221870510277 -71.889971234146 -108.636219904317 -56.459478777826 62.571508054907 161.544865806010
8.314948729313 -72.378415105299 -108.133086885302 -54.891232650234 63.011947097949 159.557508422510
8.314948729313 -72.378415105299 -108.133086885302 -54.891232650234 63.011947097949 159.557508422510
8.361487838832 -72.622637040876 -107.881520375795 -54.107109586438 63.232166619470 158.563829730759
8.361487838832 -72.622637040876 -107.881520375795 -54.107109586438 63.232166619470 158.563829730759
8.408026948350 -72.866858976453 -107.629953866288 -53.322986522642 63.452386140991 157.570151039009
8.408026948350 -72.866858976453 -107.629953866288 -53.322986522642 63.452386140991 157.570151039009
8.501105167386 -73.355302847607 -107.126820847274 -51.754740395050 63.892825184033 155.582793655509
8.501105167386 -73.355302847607 -107.126820847274 -51.754740395050 63.892825184033 155.582793655509
8.547644276904 -73.599524783184 -106.875254337766 -50.970617331254 64.113044705554 154.589114963759
8.547644276904 -73.599524783184 -106.875254337766 -50.970617331254 64.113044705554 154.589114963759
8.640722495940 -74.087968654337 -106.372121318752 -49.402371203662 64.553483748596 152.601757580259
8.687261605458 -74.332190589914 -106.120554809245 -48.618248139867 64.773703270117 151.608078888508
8.687261605458 -74.332190589914 -106.120554809245 -48.618248139867 64.773703270117 151.608078888508
8.780339824494 -74.820634461068 -105.617421790231 -47.050002012275 65.214142313159 149.620721505008
8.780339824494 -74.820634461068 -105.617421790231 -47.050002012275 65.214142313159 149.620721505008
8.919957153049 -75.553300267799 -104.862722261709 -44.697632820887 65.874800877722 146.639685429758
8.919957153049 -75.553300267799 -104.862722261709 -44.697632820887 65.874800877722 146.639685429758
8.966496262567 -75.797522203376 -104.611155752202 -43.913509757091 66.095020399243 145.646006738008
8.966496262567 -75.797522203376 -104.611155752202 -43.913509757091 66.095020399243 145.646006738008
9.059574481603 -76.285966074529 -104.108022733188 -42.345263629499 66.535459442285 143.658649354507
9.059574481603 -76.285966074529 -104.108022733188 -42.345263629499 66.535459442285 143.658649354507
9.152652700639 -76.774409945683 -103.604889714173 -40.777017501907 66.975898485327 141.671291971007
9.152652700639 -76.774409945683 -103.604889714173 -40.777017501907 66.975898485327 141.671291971007
9.199191810157 -77.018631881260 -103.353323204666 -39.992894438111 67.196118006848 140.677613279257
9.199191810157 -77.018631881260 -103.353323204666 -39.992894438111 67.196118006848 140.677613279257
9.292270029193 -77.507075752414 -102.850190185652 -38.424648310520 67.636557049890 138.690255895757
9.292270029193 -77.507075752414 -102.850190185652 -38.424648310520 67.636557049890 138.690255895757
9.385348248229 -77.995519623567 -102.347057166638 -36.856402182928 68.076996092932 136.702898512256
9.385348248229 -77.995519623567 -102.347057166638 -36.856402182928 68.076996092932 136.702898512256
9.478426467266 -78.483963494721 -101.843924147623 -35.288156055336 68.517435135974 134.715541128756
9.478426467266 -78.483963494721 -101.843924147623 -35.288156055336 68.517435135974 134.715541128756
9.524965576784 -78.728185430298 -101.592357638116 -34.504032991540 68.737654657495 133.721862437006
9.524965576784 -78.728185430298 -101.592357638116 -34.504032991540 68.737654657495 133.721862437006
9.618043795820 -79.216629301452 -101.089224619102 -32.935786863948 69.178093700537 131.734505053506
9.664582905338 -79.460851237028 -100.837658109595 -32.151663800152 69.398313222058 130.740826361755
9.664582905338 -79.460851237028 -100.837658109595 -32.151663800152 69.398313222058 130.740826361755
9.757661124374 -79.949295108182 -100.334525090580 -30.583417672560 69.838752265100 128.753468978255
9.757661124374 -79.949295108182 -100.334525090580 -30.583417672560 69.838752265100 128.753468978255
9.850739343410 -80.437738979336 -99.831392071566 -29.015171544968 70.279191308142 126.766111594755
9.850739343410 -80.437738979336 -99.831392071566 -29.015171544968 70.279191308142 126.766111594755
9.897278452928 -80.681960914913 -99.579825562059 -28.231048481173 70.499410829663 125.772432903005
9.897278452928 -80.681960914913 -99.579825562059 -28.231048481173 70.499410829663 125.772432903005
9.990356671965 -81.170404786066 -99.076692543045 -26.662802353581 70.939849872705 123.785075519504
9.990356671965 -81.170404786066 -99.076692543045 -26.662802353581 70.939849872705 123.785075519504
10.036895781483 -81.414626721643 -98.825126033537 -25.878679289785 71.160069394226 122.791396827754
10.083434891001 -81.658848657220 -98.573559524030 -25.094556225989 71.380288915747 121.797718136004
10.083434891001 -81.658848657220 -98.573559524030 -25.094556225989 71.380288915747 121.797718136004
10.176513110037 -82.147292528374 -98.070426505016 -23.526310098397 71.820727958789 119.810360752504
10.223052219555 -82.391514463951 -97.818859995509 -22.742187034601 72.040947480310 118.816682060754
10.223052219555 -82.391514463951 -97.818859995509 -22.742187034601 72.040947480310 118.816682060754
10.269591329073 -82.635736399528 -97.567293486002 -21.958063970805 72.261167001832 117.823003369003
10.269591329073 -82.635736399528 -97.567293486002 -21.958063970805 72.261167001832 117.823003369003
10.269591329073 -82.635736399528 -97.567293486002 -21.958063970805 72.261167001832 117.823003369003
10.362669548109 -83.124180270681 -97.064160466987 -20.389817843213 72.701606044874 115.835645985503
10.362669548109 -83.124180270681 -97.064160466987 -20.389817843213 72.701606044874 115.835645985503
10.409208657627 -83.368402206258 -96.812593957480 -19.605694779417 72.921825566395 114.841967293753
10.409208657627 -83.368402206258 -96.812593957480 -19.605694779417 72.921825566395 114.841967293753
10.409208657627 -83.368402206258 -96.812593957480 -19.605694779417 72.921825566395 114.841967293753
10.455747767146 -83.612624141835 -96.561027447973 -18.821571715621 73.142045087916 113.848288602003
10.455747767146 -83.612624141835 -96.561027447973 -18.821571715621 73.142045087916 113.848288602003
10.595365095700 -84.345289948566 -95.806327919452 -16.469202524234 73.802703652479 110.867252526752
10.641904205218 -84.589511884142 -95.554761409944 -15.685079460438 74.022923174000 109.873573835002
10.688443314736 -84.833733819719 -95.303194900437 -14.900956396642 74.243142695521 108.879895143252
10.688443314736 -84.833733819719 -95.303194900437 -14.900956396642 74.243142695521 108.879895143252
10.734982424254 -85.077955755296 -95.051628390930 -14.116833332846 74.463362217042 107.886216451502
10.734982424254 -85.077955755296 -95.051628390930 -14.116833332846 74.463362217042 107.886216451502
10.781521533772 -85.322177690873 -94.800061881423 -13.332710269050 74.683581738563 106.892537759752
10.781521533772 -85.322177690873 -94.800061881423 -13.332710269050 74.683581738563 106.892537759752
10.828060643290 -85.566399626450 -94.548495371916 -12.548587205254 74.903801260084 105.898859068002
10.874599752808 -85.810621562027 -94.296928862409 -11.764464141458 75.124020781605 104.905180376252
10.921138862326 -86.054843497604 -94.045362352901 -10.980341077662 75.344240303126 103.911501684501
10.921138862326 -86.054843497604 -94.045362352901 -10.980341077662 75.344240303126 103.911501684501
10.967677971844 -86.299065433180 -93.793795843394 -10.196218013866 75.564459824647 102.917822992751
11.014217081363 -86.543287368757 -93.542229333887 -9.412094950070 75.784679346168 101.924144301001
11.060756190881 -86.787509304334 -93.290662824380 -8.627971886274 76.004898867689 100.930465609251
11.060756190881 -86.787509304334 -93.290662824380 -8.627971886274 76.004898867689 100.930465609251
11.060756190881 -86.787509304334 -93.290662824380 -8.627971886274 76.004898867689 100.930465609251
11.060756190881 -86.787509304334 -93.290662824380 -8.627971886274 76.004898867689 100.930465609251
11.060756190881 -86.787509304334 -93.290662824380 -8.627971886274 76.004898867689 100.930465609251
11.060756190881 -86.787509304334 -93.290662824380 -8.627971886274 76.004898867689 100.930465609251
11.107295300399 -87.031731239911 -93.039096314873 -7.843848822478 76.225118389210 99.936786917501
11.107295300399 -87.031731239911 -93.039096314873 -7.843848822478 76.225118389210 99.936786917501
11.153834409917 -87.275953175488 -92.787529805366 -7.059725758683 76.445337910731 98.943108225751
11.200373519435 -87.520175111065 -92.535963295858 -6.275602694887 76.665557432252 97.949429534000
11.200373519435 -87.520175111065 -92.535963295858 -6.275602694887 76.665557432252 97.949429534000
11.200373519435 -87.520175111065 -92.535963295858 -6.275602694887 76.665557432252 97.949429534000
11.200373519435 -87.520175111065 -92.535963295858 -6.275602694887 76.665557432252 97.949429534000
11.200373519435 -87.520175111065 -92.535963295858 -6.275602694887 76.665557432252 97.949429534000
11.200373519435 -87.520175111065 -92.535963295858 -6.275602694887 76.665557432252 97.949429534000
11.246912628953 -87.764397046642 -92.284396786351 -5.491479631091 76.885776953773 96.955750842250
11.246912628953 -87.764397046642 -92.284396786351 -5.491479631091 76.885776953773 96.955750842250
11.293451738471 -88.008618982219 -92.032830276844 -4.707356567295 77.105996475294 95.962072150500
11.293451738471 -88.008618982219 -92.032830276844 -4.707356567295 77.105996475294 95.962072150500
11.293451738471 -88.008618982219 -92.032830276844 -4.707356567295 77.105996475294 95.962072150500
11.293451738471 -88.008618982219 -92.032830276844 -4.707356567295 77.105996475294 95.962072150500
11.293451738471 -88.008618982219 -92.032830276844 -4.707356567295 77.105996475294 95.962072150500
11.386529957507 -88.497062853372 -91.529697257830 -3.139110439703 77.546435518336 93.974714767000
11.386529957507 -88.497062853372 -91.529697257830 -3.139110439703 77.546435518336 93.974714767000
11.386529957507 -88.497062853372 -91.529697257830 -3.139110439703 77.546435518336 93.974714767000
11.386529957507 -88.497062853372 -91.529697257830 -3.139110439703 77.546435518336 93.974714767000
11.386529957507 -88.497062853372 -91.529697257830 -3.139110439703 77.546435518336 93.974714767000
11.386529957507 -88.497062853372 -91.529697257830 -3.139110439703 77.546435518336 93.974714767000
11.386529957507 -88.497062853372 -91.529697257830 -3.139110439703 77.546435518336 93.974714767000
11.433069067025 -88.741284788949 -91.278130748323 -2.354987375907 77.766655039857 92.981036075250
11.433069067025 -88.741284788949 -91.278130748323 -2.354987375907 77.766655039857 92.981036075250
11.433069067025 -88.741284788949 -91.278130748323 -2.354987375907 77.766655039857 92.981036075250
11.433069067025 -88.741284788949 -91.278130748323 -2.354987375907 77.766655039857 92.981036075250
11.433069067025 -88.741284788949 -91.278130748323 -2.354987375907 77.766655039857 92.981036075250
11.433069067025 -88.741284788949 -91.278130748323 -2.354987375907 77.766655039857 92.981036075250
11.479608176543 -88.985506724526 -91.026564238816 -1.570864312111 77.986874561378 91.987357383500
11.479608176543 -88.985506724526 -91.026564238816 -1.570864312111 77.986874561378 91.987357383500
11.479608176543 -88.985506724526 -91.026564238816 -1.570864312111 77.986874561378 91.987357383500
11.479608176543 -88.985506724526 -91.026564238816 -1.570864312111 77.986874561378 91.987357383500
11.479608176543 -88.985506724526 -91.026564238816 -1.570864312111 77.986874561378 91.987357383500
11.479608176543 -88.985506724526 -91.026564238816 -1.570864312111 77.986874561378 91.987357383500
11.479608176543 -88.985506724526 -91.026564238816 -1.570864312111 77.986874561378 91.987357383500
11.526147286062 -89.229728660103 -90.774997729308 -0.786741248315 78.207094082899 90.993678691749
11.526147286062 -89.229728660103 -90.774997729308 -0.786741248315 78.207094082899 90.993678691749
11.526147286062 -89.229728660103 -90.774997729308 -0.786741248315 78.207094082899 90.993678691749
11.572686395580 -89.473950595680 -90.523431219801 -0.002618184519 78.427313604420 89.999999999999
11.572686395580 -89.473950595680 -90.523431219801 -0.002618184519 78.427313604420 89.999999999999
11.572686395580 -89.473950595680 -90.523431219801 -0.002618184519 78.427313604420 89.999999999999
11.572686395580 -89.473950595680 -90.523431219801 -0.002618184519 78.427313604420 89.999999999999
11.526147286062 -89.229728660103 -90.774997729308 -0.786741248315 78.207094082900 90.993678691749
11.526147286062 -89.229728660103 -90.774997729308 -0.786741248315 78.207094082900 90.993678691749
11.479608176543 -88.985506724526 -91.026564238816 -1.570864312111 77.986874561379 91.987357383500
11.433069067025 -88.741284788949 -91.278130748323 -2.354987375907 77.766655039858 92.981036075250
11.386529957507 -88.497062853372 -91.529697257830 -3.139110439703 77.546435518337 93.974714767000
11.339990847989 -88.252840917795 -91.781263767337 -3.923233503499 77.326215996816 94.968393458750
11.246912628953 -87.764397046642 -92.284396786351 -5.491479631091 76.885776953774 96.955750842250
11.153834409917 -87.275953175488 -92.787529805366 -7.059725758683 76.445337910732 98.943108225751
11.153834409917 -87.275953175488 -92.787529805366 -7.059725758683 76.445337910732 98.943108225751
11.153834409917 -87.275953175488 -92.787529805366 -7.059725758683 76.445337910732 98.943108225751
11.107295300399 -87.031731239911 -93.039096314873 -7.843848822479 76.225118389211 99.936786917501
11.060756190881 -86.787509304334 -93.290662824380 -8.627971886274 76.004898867690 100.930465609251
11.060756190881 -86.787509304334 -93.290662824380 -8.627971886274 76.004898867690 100.930465609251
11.014217081363 -86.543287368757 -93.542229333887 -9.412094950070 75.784679346169 101.924144301001
11.014217081363 -86.543287368757 -93.542229333887 -9.412094950070 75.784679346169 101.924144301001
11.014217081363 -86.543287368757 -93.542229333887 -9.412094950070 75.784679346169 101.924144301001
11.014217081363 -86.543287368757 -93.542229333887 -9.412094950070 75.784679346169 101.924144301001
10.967677971844 -86.299065433180 -93.793795843394 -10.196218013866 75.564459824647 102.917822992751
10.921138862326 -86.054843497604 -94.045362352901 -10.980341077662 75.344240303126 103.911501684501
10.828060643290 -85.566399626450 -94.548495371916 -12.548587205254 74.903801260084 105.898859068002
10.828060643290 -85.566399626450 -94.548495371916 -12.548587205254 74.903801260084 105.898859068002
10.781521533772 -85.322177690873 -94.800061881423 -13.332710269050 74.683581738563 106.892537759752
10.734982424254 -85.077955755296 -95.051628390930 -14.116833332846 74.463362217042 107.886216451502
10.734982424254 -85.077955755296 -95.051628390930 -14.116833332846 74.463362217042 107.886216451502
10.641904205218 -84.589511884142 -95.554761409944 -15.685079460438 74.022923174000 109.873573835002
10.641904205218 -84.589511884142 -95.554761409944 -15.685079460438 74.022923174000 109.873573835002
10.595365095700 -84.345289948566 -95.806327919452 -16.469202524234 73.802703652479 110.867252526752
10.595365095700 -84.345289948566 -95.806327919452 -16.469202524234 73.802703652479 110.867252526752
10.548825986182 -84.101068012989 -96.057894428959 -17.253325588030 73.582484130958 111.860931218503
10.502286876664 -83.856846077412 -96.309460938466 -18.037448651826 73.362264609437 112.854609910253
10.502286876664 -83.856846077412 -96.309460938466 -18.037448651826 73.362264609437 112.854609910253
10.409208657627 -83.368402206258 -96.812593957480 -19.605694779417 72.921825566395 114.841967293753
10.409208657627 -83.368402206258 -96.812593957480 -19.605694779417 72.921825566395 114.841967293753
10.362669548109 -83.124180270681 -97.064160466987 -20.389817843213 72.701606044874 115.835645985503
10.362669548109 -83.124180270681 -97.064160466987 -20.389817843213 72.701606044874 115.835645985503
10.316130438591 -82.879958335104 -97.315726976494 -21.173940907009 72.481386523353 116.829324677253
10.316130438591 -82.879958335104 -97.315726976494 -21.173940907009 72.481386523353 116.829324677253
10.269591329073 -82.635736399528 -97.567293486002 -21.958063970805 72.261167001832 117.823003369003
10.269591329073 -82.635736399528 -97.567293486002 -21.958063970805 72.261167001832 117.823003369003
10.176513110037 -82.147292528374 -98.070426505016 -23.526310098397 71.820727958790 119.810360752504
10.176513110037 -82.147292528374 -98.070426505016 -23.526310098397 71.820727958790 119.810360752504
10.129974000519 -81.903070592797 -98.321993014523 -24.310433162193 71.600508437269 120.804039444254
10.129974000519 -81.903070592797 -98.321993014523 -24.310433162193 71.600508437269 120.804039444254
10.036895781483 -81.414626721643 -98.825126033537 -25.878679289785 71.160069394227 122.791396827754
10.036895781483 -81.414626721643 -98.825126033537 -25.878679289785 71.160069394227 122.791396827754
9.990356671965 -81.170404786066 -99.076692543045 -26.662802353581 70.939849872706 123.785075519504
9.990356671965 -81.170404786066 -99.076692543045 -26.662802353581 70.939849872706 123.785075519504
9.990356671965 -81.170404786066 -99.076692543045 -26.662802353581 70.939849872706 123.785075519504
9.897278452928 -80.681960914913 -99.579825562059 -28.231048481173 70.499410829664 125.772432903005
9.897278452928 -80.681960914913 -99.579825562059 -28.231048481173 70.499410829664 125.772432903005
9.850739343410 -80.437738979336 -99.831392071566 -29.015171544968 70.279191308143 126.766111594755
9.850739343410 -80.437738979336 -99.831392071566 -29.015171544968 70.279191308143 126.766111594755
9.757661124374 -79.949295108182 -100.334525090580 -30.583417672560 69.838752265101 128.753468978255
9.711122014856 -79.705073172605 -100.586091600087 -31.367540736356 69.618532743580 129.747147670005
9.711122014856 -79.705073172605 -100.586091600087 -31.367540736356 69.618532743580 129.747147670005
9.618043795820 -79.216629301452 -101.089224619102 -32.935786863948 69.178093700538 131.734505053506
9.618043795820 -79.216629301452 -101.089224619102 -32.935786863948 69.178093700538 131.734505053506
9.524965576784 -78.728185430298 -101.592357638116 -34.504032991540 68.737654657496 133.721862437006
9.524965576784 -78.728185430298 -101.592357638116 -34.504032991540 68.737654657496 133.721862437006
9.478426467266 -78.483963494721 -101.843924147623 -35.288156055336 68.517435135975 134.715541128756
9.478426467266 -78.483963494721 -101.843924147623 -35.288156055336 68.517435135975 134.715541128756
9.385348248229 -77.995519623567 -102.347057166638 -36.856402182928 68.076996092932 136.702898512256
9.385348248229 -77.995519623567 -102.347057166638 -36.856402182928 68.076996092932 136.702898512256
9.385348248229 -77.995519623567 -102.347057166638 -36.856402182928 68.076996092932 136.702898512256
9.385348248229 -77.995519623567 -102.347057166638 -36.856402182928 68.076996092932 136.702898512256
9.292270029193 -77.507075752414 -102.850190185652 -38.424648310520 67.636557049890 138.690255895757
9.292270029193 -77.507075752414 -102.850190185652 -38.424648310520 67.636557049890 138.690255895757
9.245730919675 -77.262853816837 -103.101756695159 -39.208771374315 67.416337528369 139.683934587507
9.245730919675 -77.262853816837 -103.101756695159 -39.208771374315 67.416337528369 139.683934587507
9.152652700639 -76.774409945683 -103.604889714173 -40.777017501907 66.975898485327 141.671291971007
9.152652700639 -76.774409945683 -103.604889714173 -40.777017501907 66.975898485327 141.671291971007
9.152652700639 -76.774409945683 -103.604889714173 -40.777017501907 66.975898485327 141.671291971007
9.152652700639 -76.774409945683 -103.604889714173 -40.777017501907 66.975898485327 141.671291971007
9.059574481603 -76.285966074529 -104.108022733188 -42.345263629499 66.535459442285 143.658649354507
9.059574481603 -76.285966074529 -104.108022733188 -42.345263629499 66.535459442285 143.658649354507
8.966496262567 -75.797522203376 -104.611155752202 -43.913509757091 66.095020399243 145.646006738008
8.966496262567 -75.797522203376 -104.611155752202 -43.913509757091 66.095020399243 145.646006738008
8.919957153049 -75.553300267799 -104.862722261709 -44.697632820887 65.874800877722 146.639685429758
8.919957153049 -75.553300267799 -104.862722261709 -44.697632820887 65.874800877722 146.639685429758
8.919957153049 -75.553300267799 -104.862722261709 -44.697632820887 65.874800877722 146.639685429758
8.826878934012 -75.064856396645 -105.365855280723 -46.265878948479 65.434361834680 148.627042813258
8.826878934012 -75.064856396645 -105.365855280723 -46.265878948479 65.434361834680 148.627042813258
8.733800714976 -74.576412525491 -105.868988299738 -47.834125076071 64.993922791638 150.614400196758
8.733800714976 -74.576412525491 -105.868988299738 -47.834125076071 64.993922791638 150.614400196758
8.687261605458 -74.332190589914 -106.120554809245 -48.618248139867 64.773703270117 151.608078888508
8.687261605458 -74.332190589914 -106.120554809245 -48.618248139867 64.773703270117 151.608078888508
8.594183386422 -73.843746718761 -106.623687828259 -50.186494267458 64.333264227075 153.595436272009
8.594183386422 -73.843746718761 -106.623687828259 -50.186494267458 64.333264227075 153.595436272009
8.594183386422 -73.843746718761 -106.623687828259 -50.186494267458 64.333264227075 153.595436272009
8.547644276904 -73.599524783184 -106.875254337766 -50.970617331254 64.113044705554 154.589114963759
8.547644276904 -73.599524783184 -106.875254337766 -50.970617331254 64.113044705554 154.589114963759
8.547644276904 -73.599524783184 -106.875254337766 -50.970617331254 64.113044705554 154.589114963759
8.454566057868 -73.111080912030 -107.378387356781 -52.538863458846 63.672605662512 156.576472347259
8.454566057868 -73.111080912030 -107.378387356781 -52.538863458846 63.672605662512 156.576472347259
8.408026948350 -72.866858976453 -107.629953866288 -53.322986522642 63.452386140991 157.570151039009
8.408026948350 -72.866858976453 -107.629953866288 -53.322986522642 63.452386140991 157.570151039009
8.314948729313 -72.378415105299 -108.133086885302 -54.891232650234 63.011947097949 159.557508422510
8.314948729313 -72.378415105299 -108.133086885302 -54.891232650234 63.011947097949 159.557508422510
8.314948729313 -72.378415105299 -108.133086885302 -54.891232650234 63.011947097949 159.557508422510
8.268409619795 -72.134193169723 -108.384653394809 -55.675355714030 62.791727576428 160.551187114260
8.221870510277 -71.889971234146 -108.636219904317 -56.459478777826 62.571508054907 161.544865806010
8.175331400759 -71.645749298569 -108.887786413824 -57.243601841622 62.351288533386 162.538544497760
8.175331400759 -71.645749298569 -108.887786413824 -57.243601841622 62.351288533386 162.538544497760
8.175331400759 -71.645749298569 -108.887786413824 -57.243601841622 62.351288533386 162.538544497760
8.082253181723 -71.157305427415 -109.390919432838 -58.811847969214 61.910849490344 164.525901881260
8.035714072205 -70.913083491838 -109.642485942345 -59.595971033009 61.690629968823 165.519580573011
8.035714072205 -70.913083491838 -109.642485942345 -59.595971033009 61.690629968823 165.519580573011
7.989174962687 -70.668861556261 -109.894052451852 -60.380094096805 61.470410447302 166.513259264761
7.989174962687 -70.668861556261 -109.894052451852 -60.380094096805 61.470410447302 166.513259264761
7.942635853169 -70.424639620685 -110.145618961359 -61.164217160601 61.250190925781 167.506937956511
7.942635853169 -70.424639620685 -110.145618961359 -61.164217160601 61.250190925781 167.506937956511
7.942635853169 -70.424639620685 -110.145618961359 -61.164217160601 61.250190925781 167.506937956511
7.896096743651 -70.180417685108 -110.397185470867 -61.948340224397 61.029971404260 168.500616648261
7.896096743651 -70.180417685108 -110.397185470867 -61.948340224397 61.029971404260 168.500616648261
7.803018524614 -69.691973813954 -110.900318489881 -63.516586351989 60.589532361218 170.487974031761
7.803018524614 -69.691973813954 -110.900318489881 -63.516586351989 60.589532361218 170.487974031761
7.756479415096 -69.447751878377 -111.151884999388 -64.300709415785 60.369312839696 171.481652723511
7.709940305578 -69.203529942800 -111.403451508895 -65.084832479581 60.149093318175 172.475331415262
7.663401196060 -68.959308007223 -111.655018018402 -65.868955543377 59.928873796654 173.469010107012
7.663401196060 -68.959308007223 -111.655018018402 -65.868955543377 59.928873796654 173.469010107012
7.616862086542 -68.715086071647 -111.906584527910 -66.653078607173 59.708654275133 174.462688798762
7.616862086542 -68.715086071647 -111.906584527910 -66.653078607173 59.708654275133 174.462688798762
7.616862086542 -68.715086071647 -111.906584527910 -66.653078607173 59.708654275133 174.462688798762
7.570322977024 -68.470864136070 -112.158151037417 -67.437201670969 59.488434753612 175.456367490512
7.570322977024 -68.470864136070 -112.158151037417 -67.437201670969 59.488434753612 175.456367490512
7.523783867506 -68.226642200493 -112.409717546924 -68.221324734765 59.268215232091 176.450046182262
7.523783867506 -68.226642200493 -112.409717546924 -68.221324734765 59.268215232091 176.450046182262
7.477244757988 -67.982420264916 -112.661284056431 -69.005447798561 59.047995710570 177.443724874012
7.477244757988 -67.982420264916 -112.661284056431 -69.005447798561 59.047995710570 177.443724874012
7.477244757988 -67.982420264916 -112.661284056431 -69.005447798561 59.047995710570 177.443724874012
7.477244757988 -67.982420264916 -112.661284056431 -69.005447798561 59.047995710570 177.443724874012
7.477244757988 -67.982420264916 -112.661284056431 -69.005447798561 59.047995710570 177.443724874012
7.477244757988 -67.982420264916 -112.661284056431 -69.005447798561 59.047995710570 177.443724874012
7.430705648470 -67.738198329339 -112.912850565938 -69.789570862356 58.827776189049 178.437403565762
7.430705648470 -67.738198329339 -112.912850565938 -69.789570862356 58.827776189049 178.437403565762
7.384166538952 -67.493976393762 -113.164417075445 -70.573693926152 58.607556667528 179.431082257513
7.337627429434 -67.249754458185 -113.415983584952 -71.357816989948 58.387337146007 180.424760949263
7.291088319916 -67.005532522609 -113.667550094460 -72.141940053744 58.167117624486 181.418439641013
7.291088319916 -67.005532522609 -113.667550094460 -72.141940053744 58.167117624486 181.418439641013
7.244549210397 -66.761310587032 -113.919116603967 -72.926063117540 57.946898102965 182.412118332763
7.244549210397 -66.761310587032 -113.919116603967 -72.926063117540 57.946898102965 182.412118332763
7.244549210397 -66.761310587032 -113.919116603967 -72.926063117540 57.946898102965 182.412118332763
7.244549210397 -66.761310587032 -113.919116603967 -72.926063117540 57.946898102965 182.412118332763
7.198010100879 -66.517088651455 -114.170683113474 -73.710186181336 57.726678581444 183.405797024513
7.198010100879 -66.517088651455 -114.170683113474 -73.710186181336 57.726678581444 183.405797024513
7.198010100879 -66.517088651455 -114.170683113474 -73.710186181336 57.726678581444 183.405797024513
7.151470991361 -66.272866715878 -114.422249622981 -74.494309245132 57.506459059923 184.399475716263
7.104931881843 -66.028644780301 -114.673816132488 -75.278432308928 57.286239538402 185.393154408013
7.104931881843 -66.028644780301 -114.673816132488 -75.278432308928 57.286239538402 185.393154408013
7.104931881843 -66.028644780301 -114.673816132488 -75.278432308928 57.286239538402 185.393154408013
7.058392772325 -65.784422844724 -114.925382641995 -76.062555372724 57.066020016881 186.386833099764
7.058392772325 -65.784422844724 -114.925382641995 -76.062555372724 57.066020016881 186.386833099764
7.058392772325 -65.784422844724 -114.925382641995 -76.062555372724 57.066020016881 186.386833099764
7.058392772325 -65.784422844724 -114.925382641995 -76.062555372724 57.066020016881 186.386833099764
7.058392772325 -65.784422844724 -114.925382641995 -76.062555372724 57.066020016881 186.386833099764
7.058392772325 -65.784422844724 -114.925382641995 -76.062555372724 57.066020016881 186.386833099764
7.058392772325 -65.784422844724 -114.925382641995 -76.062555372724 57.066020016881 186.386833099764
7.058392772325 -65.784422844724 -114.925382641995 -76.062555372724 57.066020016881 186.386833099764
7.011853662807 -65.540200909147 -115.176949151503 -76.846678436520 56.845800495360 187.380511791514
7.011853662807 -65.540200909147 -115.176949151503 -76.846678436520 56.845800495360 187.380511791514
6.965314553289 -65.295978973571 -115.428515661010 -77.630801500316 56.625580973839 188.374190483264
6.965314553289 -65.295978973571 -115.428515661010 -77.630801500316 56.625580973839 188.374190483264
6.965314553289 -65.295978973571 -115.428515661010 -77.630801500316 56.625580973839 188.374190483264
6.965314553289 -65.295978973571 -115.428515661010 -77.630801500316 56.625580973839 188.374190483264
6.965314553289 -65.295978973571 -115.428515661010 -77.630801500316 56.625580973839 188.374190483264
6.965314553289 -65.295978973571 -115.428515661010 -77.630801500316 56.625580973839 188.374190483264
6.965314553289 -65.295978973571 -115.428515661010 -77.630801500316 56.625580973839 188.374190483264
6.965314553289 -65.295978973571 -115.428515661010 -77.630801500316 56.625580973839 188.374190483264
6.965314553289 -65.295978973571 -115.428515661010 -77.630801500316 56.625580973839 188.374190483264
6.965314553289 -65.295978973571 -115.428515661010 -77.630801500316 56.625580973839 188.374190483264
6.965314553289 -65.295978973571 -115.428515661010 -77.630801500316 56.625580973839 188.374190483264
6.965314553289 -65.295978973571 -115.428515661010 -77.630801500316 56.625580973839 188.374190483264
6.965314553289 -65.295978973571 -115.428515661010 -77.630801500316 56.625580973839 188.374190483264
6.965314553289 -65.295978973571 -115.428515661010 -77.630801500316 56.625580973839 188.374190483264
6.918775443771 -65.051757037994 -115.680082170517 -78.414924564112 56.405361452318 189.367869175014
6.918775443771 -65.051757037994 -115.680082170517 -78.414924564112 56.405361452318 189.367869175014
6.918775443771 -65.051757037994 -115.680082170517 -78.414924564112 56.405361452318 189.367869175014
6.918775443771 -65.051757037994 -115.680082170517 -78.414924564112 56.405361452318 189.367869175014
6.918775443771 -65.051757037994 -115.680082170517 -78.414924564112 56.405361452318 189.367869175014
6.918775443771 -65.051757037994 -115.680082170517 -78.414924564112 56.405361452318 189.367869175014
6.918775443771 -65.051757037994 -115.680082170517 -78.414924564112 56.405361452318 189.367869175014
6.918775443771 -65.051757037994 -115.680082170517 -78.414924564112 56.405361452318 189.367869175014
6.918775443771 -65.051757037994 -115.680082170517 -78.414924564112 56.405361452318 189.367869175014
6.918775443771 -65.051757037994 -115.680082170517 -78.414924564112 56.405361452318 189.367869175014
6.918775443771 -65.051757037994 -115.680082170517 -78.414924564112 56.405361452318 189.367869175014
6.918775443771 -65.051757037994 -115.680082170517 -78.414924564112 56.405361452318 189.367869175014
6.918775443771 -65.051757037994 -115.680082170517 -78.414924564112 56.405361452318 189.367869175014
6.918775443771 -65.051757037994 -115.680082170517 -78.414924564112 56.405361452318 189.367869175014
6.918775443771 -65.051757037994 -115.680082170517 -78.414924564112 56.405361452318 189.367869175014
6.918775443771 -65.051757037994 -115.680082170517 -78.414924564112 56.405361452318 189.367869175014
6.918775443771 -65.051757037994 -115.680082170517 -78.414924564112 56.405361452318 189.367869175014
6.918775443771 -65.051757037994 -115.680082170517 -78.414924564112 56.405361452318 189.367869175014
6.918775443771 -65.051757037994 -115.680082170517 -78.414924564112 56.405361452318 189.367869175014
6.918775443771 -65.051757037994 -115.680082170517 -78.414924564112 56.405361452318 189.367869175014
6.918775443771 -65.051757037994 -115.680082170517 -78.414924564112 56.405361452318 189.367869175014
6.918775443771 -65.051757037994 -115.680082170517 -78.414924564112 56.405361452318 189.367869175014
6.918775443771 -65.051757037994 -115.680082170517 -78.414924564112 56.405361452318 189.367869175014
6.918775443771 -65.051757037994 -115.680082170517 -78.414924564112 56.405361452318 189.367869175014
6.918775443771 -65.051757037994 -115.680082170517 -78.414924564112 56.405361452318 189.367869175014
